usage_id,customer_id,device_id,usage_date,usage_duration,data_consumed
1,730,193,2025-03-15,9.770763,4782.362529
2,1764,710,2025-02-01,9.878601,1252.297706
3,1261,300,2025-02-13,4.660119,2079.714635
4,1043,872,2025-04-04,13.416137,1828.356638
5,39,247,2025-02-22,13.771718,3860.711011
6,1063,459,2025-01-06,6.528948,1408.089974
7,1245,704,2025-03-24,6.088619,4146.891856
8,1363,159,2025-02-24,17.577220,2792.897677
9,1607,2,2025-03-21,8.774487,3743.503589
10,62,449,2025-01-13,14.480488,4589.801861
11,110,201,2025-03-06,6.726085,4593.669263
12,1230,945,2025-01-07,7.503808,1946.937947
13,784,383,2025-01-21,1.882773,2438.722897
14,1347,945,2025-01-06,15.589343,1734.714792
15,1926,740,2025-01-25,15.526750,2598.159062
16,806,497,2025-02-06,17.003088,3760.262585
17,430,154,2025-02-26,2.463097,2189.990490
18,1757,165,2025-01-20,19.950278,1684.946206
19,1772,615,2025-02-12,7.098868,4958.645998
20,952,372,2025-02-05,2.397119,4016.497257
21,1191,888,2025-01-04,5.914000,3681.966166
22,1285,34,2025-01-31,4.525564,2623.858001
23,1747,172,2025-04-08,8.837499,3376.877341
24,1199,633,2025-01-06,14.416553,1047.258893
25,24,548,2025-03-07,2.903575,3094.652971
26,1723,306,2025-04-22,23.001670,752.808659
27,730,167,2025-02-10,3.781715,80.863195
28,1310,592,2025-01-30,10.309811,3352.944755
29,175,133,2025-04-11,6.417604,1279.425116
30,1613,151,2025-03-02,14.643436,3739.782742
31,1035,319,2025-03-17,19.119254,2837.791105
32,1552,674,2025-02-21,9.764273,2592.736352
33,1157,63,2025-03-31,20.062216,285.176089
34,1205,882,2025-02-03,10.625413,3812.611797
35,183,904,2025-02-01,3.945929,1243.743747
36,933,141,2025-01-06,23.248204,4510.285012
37,17,720,2025-01-07,14.215460,2304.159927
38,147,112,2025-02-04,16.713234,1665.939119
39,1177,62,2025-02-19,18.470911,1026.777134
40,1829,916,2025-03-17,4.696128,1815.159632
41,1143,635,2025-01-04,1.018888,1720.705569
42,1772,159,2025-02-18,0.522540,3096.168941
43,802,244,2025-02-15,9.801413,1422.807752
44,503,55,2025-02-08,7.170452,2003.403419
45,1352,968,2025-03-19,23.813156,1296.380010
46,1608,561,2025-04-06,21.422379,870.700716
47,30,785,2025-01-27,21.595489,1293.366077
48,1190,743,2025-02-06,11.546150,4003.658254
49,1519,641,2025-04-17,12.514149,4380.854643
50,462,227,2025-04-13,21.476517,2179.272320
51,149,348,2025-03-16,9.261405,4473.520194
52,214,868,2025-02-23,12.264571,4620.455450
53,1831,650,2025-01-11,12.804443,2340.883654
54,788,983,2025-03-18,22.198296,4407.826100
55,46,267,2025-02-14,1.915442,2789.496476
56,1145,757,2025-04-21,16.741564,757.312361
57,482,82,2025-03-19,1.472581,4275.363095
58,906,569,2025-02-01,23.334138,4719.100947
59,88,29,2025-02-13,0.669434,847.876157
60,1142,846,2025-01-05,14.523720,2394.154874
61,193,870,2025-02-23,23.714970,1583.155520
62,743,889,2025-03-21,4.656303,3407.009496
63,247,809,2025-02-18,7.614069,3582.127992
64,570,467,2025-02-25,5.550385,3806.028687
65,337,999,2025-01-26,18.896558,2497.694721
66,353,506,2025-01-27,20.558835,3976.360005
67,208,482,2025-04-11,3.588414,4974.361037
68,768,503,2025-02-11,0.833759,983.298589
69,1474,842,2025-02-09,14.243270,46.435166
70,1240,840,2025-04-03,3.032077,1479.304687
71,1733,344,2025-02-28,4.632922,1132.033490
72,1281,360,2025-04-06,20.461552,3776.627970
73,1639,980,2025-02-18,1.053344,2106.494957
74,134,482,2025-02-01,7.558630,1926.784260
75,1639,11,2025-01-27,5.159596,1144.821607
76,1254,120,2025-01-15,17.396495,1713.821400
77,644,826,2025-01-01,12.535235,4340.648688
78,111,261,2025-03-24,12.272691,1400.732799
79,292,46,2025-02-13,1.736490,4386.859232
80,389,52,2025-04-07,15.183537,4980.937502
81,1815,735,2025-03-27,20.772792,4824.446123
82,1367,553,2025-01-13,22.524264,1088.065138
83,407,948,2025-01-26,16.508321,1628.147477
84,1674,125,2025-03-31,5.963000,906.693069
85,526,422,2025-03-28,11.896347,2426.290803
86,1136,441,2025-03-06,3.841422,4764.653041
87,899,831,2025-01-20,1.678879,1905.535428
88,1604,266,2025-03-17,13.073748,1548.598791
89,1180,524,2025-01-08,9.058926,2531.888326
90,217,724,2025-01-23,15.035727,2889.571184
91,1191,952,2025-02-06,20.237097,3931.831332
92,1745,462,2025-04-14,11.950295,3758.835470
93,170,427,2025-02-13,15.288192,2915.283716
94,67,816,2025-04-01,6.326085,4097.972901
95,1769,132,2025-01-22,12.553100,3571.116859
96,1815,354,2025-03-20,8.568573,3535.191674
97,1342,581,2025-04-20,18.411697,3035.688915
98,1694,486,2025-04-08,13.008935,2927.767249
99,1360,391,2025-01-27,1.915725,1750.690688
100,82,479,2025-03-15,7.059541,2697.753403
101,580,93,2025-02-20,4.309063,3698.390806
102,771,655,2025-03-05,9.360676,1104.666685
103,1221,348,2025-03-12,4.460974,2860.546956
104,1615,901,2025-03-19,18.997253,3962.543198
105,989,704,2025-01-28,11.384460,264.943120
106,184,285,2025-01-02,23.173454,2058.915724
107,1585,396,2025-01-08,14.598392,2059.462141
108,713,32,2025-04-14,7.851638,4959.970055
109,849,199,2025-01-14,7.949637,144.853332
110,37,929,2025-01-10,12.182156,4810.619913
111,1840,621,2025-03-06,8.937012,3962.273477
112,1762,836,2025-03-22,12.896466,1037.885836
113,714,900,2025-01-26,1.929045,2281.526489
114,332,821,2025-02-24,12.230101,2279.800031
115,41,64,2025-03-01,21.281567,932.786271
116,390,182,2025-01-09,2.973902,4866.035209
117,1529,621,2025-01-06,4.784197,767.958908
118,525,729,2025-04-05,17.641154,2496.898015
119,671,56,2025-02-08,0.583339,4206.149558
120,148,628,2025-04-11,10.618473,39.107856
121,1423,204,2025-03-26,9.875781,2044.879529
122,34,476,2025-01-14,17.469070,2854.747484
123,919,4,2025-04-15,13.731602,680.234115
124,965,346,2025-02-24,17.907890,4893.782944
125,1952,500,2025-03-29,9.578112,1569.710771
126,973,450,2025-02-08,7.847465,2628.930719
127,623,733,2025-02-10,22.631204,2358.178553
128,121,820,2025-01-04,17.381820,138.034757
129,974,447,2025-03-24,21.521053,1464.619555
130,931,571,2025-03-28,20.759760,4784.376247
131,1801,240,2025-02-03,7.474889,4446.432026
132,1465,166,2025-02-01,17.303404,4129.955681
133,544,121,2025-01-11,15.658143,231.236160
134,1094,555,2025-02-22,4.795813,3738.207298
135,1319,529,2025-04-14,19.029483,4047.211567
136,733,925,2025-01-14,17.578934,2147.947617
137,1031,259,2025-02-21,4.942957,4435.694812
138,1046,259,2025-04-20,4.490806,899.196637
139,715,933,2025-04-08,18.418395,4686.963186
140,435,452,2025-01-10,5.190048,2122.836596
141,791,187,2025-03-27,17.759965,4252.286041
142,1473,235,2025-01-24,16.935684,3204.661082
143,835,410,2025-01-28,22.911825,4559.843257
144,1846,797,2025-03-17,3.211546,3374.789592
145,21,638,2025-01-18,18.639597,1206.473111
146,45,991,2025-01-17,15.225261,2249.139852
147,827,393,2025-01-29,15.941799,2004.837200
148,1442,235,2025-04-23,17.950095,3554.128190
149,1586,878,2025-03-02,23.501676,2481.258338
150,326,743,2025-01-20,12.075707,3743.494960
151,1397,118,2025-03-26,19.421605,4989.151638
152,154,786,2025-04-06,18.304069,158.025097
153,1321,151,2025-04-24,15.897124,3403.306363
154,332,547,2025-02-28,1.616108,4299.300847
155,1771,293,2025-03-13,22.933763,1568.700589
156,1154,994,2025-04-04,15.674005,2157.643650
157,1754,651,2025-02-20,9.946438,4842.403130
158,1529,217,2025-01-17,17.938167,1072.264334
159,1394,272,2025-01-07,2.065237,1621.601445
160,1823,969,2025-03-31,23.213437,2961.971523
161,264,375,2025-02-23,4.111866,2610.686175
162,1152,93,2025-03-12,6.133729,3266.163169
163,746,51,2025-04-15,3.942367,3647.077494
164,463,270,2025-03-29,12.825806,298.132185
165,1143,218,2025-04-11,2.537708,2247.081236
166,996,184,2025-01-28,3.132246,1637.206111
167,653,422,2025-03-14,19.126319,4299.046574
168,724,751,2025-02-15,13.027957,3368.533486
169,1988,89,2025-04-13,14.760757,3388.653618
170,1028,14,2025-03-02,6.824429,1301.521887
171,161,527,2025-01-27,17.555985,167.475229
172,481,932,2025-01-30,23.781412,3044.253435
173,163,511,2025-03-18,11.662522,1716.656046
174,671,320,2025-04-22,23.938446,1990.359250
175,1875,515,2025-01-25,13.554432,2160.407584
176,273,832,2025-03-31,1.385639,804.753562
177,155,58,2025-04-04,23.518961,1772.419659
178,754,486,2025-02-15,22.583279,2636.187348
179,1261,752,2025-04-04,16.441000,2016.364345
180,25,28,2025-03-04,15.679230,109.462396
181,1288,129,2025-03-10,22.277708,382.926826
182,1439,244,2025-01-30,16.498929,3555.570785
183,12,5,2025-02-01,18.327808,742.553919
184,358,178,2025-02-19,11.706630,4932.770939
185,80,989,2025-03-08,6.447437,1324.013068
186,11,226,2025-04-13,16.561415,2787.141656
187,1169,909,2025-04-22,7.202300,4054.984133
188,856,975,2025-02-23,20.489478,4060.204690
189,1559,740,2025-01-20,19.664450,2557.116232
190,1880,575,2025-04-07,10.154645,3262.006888
191,1929,90,2025-01-11,13.635278,237.216311
192,1958,919,2025-01-09,21.141410,1744.844040
193,1250,840,2025-01-19,23.310542,2854.990649
194,140,414,2025-02-28,17.204722,325.416666
195,840,658,2025-02-17,11.219069,4042.283790
196,750,815,2025-03-06,8.871730,2933.692871
197,847,622,2025-03-29,18.373796,1381.193054
198,71,731,2025-03-01,8.275475,1900.573934
199,1746,829,2025-01-09,11.540046,484.855362
200,1529,552,2025-04-19,7.459470,1563.853626
201,211,114,2025-04-19,4.766867,3958.031723
202,950,599,2025-01-16,16.440062,1998.998165
203,354,375,2025-02-15,12.278987,1334.811104
204,56,595,2025-01-09,5.840546,2030.449088
205,1126,355,2025-01-19,14.025349,3708.181433
206,668,108,2025-02-24,19.115322,4838.992675
207,1377,720,2025-02-14,3.489359,2170.571437
208,1115,458,2025-03-26,6.992610,831.156318
209,301,462,2025-01-20,15.440930,3499.968090
210,784,671,2025-04-04,20.873593,4523.317072
211,442,112,2025-04-19,2.538801,3869.340618
212,1742,546,2025-04-14,13.581215,4735.608112
213,1750,926,2025-03-31,14.845745,2883.722209
214,678,345,2025-01-29,3.088768,1531.129543
215,1649,678,2025-03-19,20.012870,4657.977409
216,1157,653,2025-02-12,0.798369,827.683534
217,337,363,2025-04-23,22.007865,1299.491401
218,167,597,2025-01-22,6.706622,4383.824258
219,90,140,2025-01-25,1.396517,2020.230768
220,167,44,2025-02-23,10.919127,2656.874607
221,577,785,2025-02-18,12.854041,330.233339
222,937,11,2025-02-27,21.337998,2546.996313
223,1807,30,2025-03-31,18.077949,3550.094065
224,1222,912,2025-02-25,0.951001,2306.600929
225,355,469,2025-02-06,10.216516,2808.867694
226,779,937,2025-01-25,16.002116,482.513091
227,1940,529,2025-01-22,16.080236,3408.060679
228,252,489,2025-03-20,1.392793,3829.098155
229,1,222,2025-03-09,0.747532,137.301099
230,1595,386,2025-02-16,17.334456,36.784181
231,651,60,2025-04-11,11.263193,710.660736
232,823,473,2025-04-23,0.680566,1062.559214
233,86,450,2025-02-14,14.370076,1716.492652
234,1551,752,2025-03-15,4.443743,4519.178758
235,1083,564,2025-02-24,13.923606,366.302275
236,214,401,2025-03-22,15.184785,2721.689530
237,383,781,2025-02-25,3.237716,603.733684
238,592,723,2025-01-24,9.252465,2410.046897
239,305,186,2025-01-25,16.135632,4286.062820
240,333,736,2025-03-07,12.292936,4093.294540
241,1946,63,2025-01-13,8.235268,1417.374299
242,1057,40,2025-03-12,9.264161,4116.430716
243,197,165,2025-01-19,5.244882,459.606023
244,1811,954,2025-02-10,19.988220,901.640762
245,1883,496,2025-04-07,20.059728,2384.041776
246,385,640,2025-02-14,4.224527,788.969684
247,1558,251,2025-03-20,1.479928,1343.929025
248,280,848,2025-03-12,6.444990,3074.043914
249,290,112,2025-01-05,3.234600,1399.608382
250,319,537,2025-03-14,15.236052,2978.277723
251,811,894,2025-03-10,9.787448,3075.228351
252,147,209,2025-02-11,7.911511,3330.429426
253,1263,360,2025-03-20,4.549417,4852.174289
254,455,26,2025-01-23,12.634097,2439.936690
255,978,851,2025-03-27,14.840560,317.506082
256,1273,904,2025-02-23,4.710965,640.361373
257,264,920,2025-02-26,2.761674,477.269019
258,1196,541,2025-03-01,10.218284,4608.794893
259,1698,12,2025-01-18,16.306805,2695.360988
260,156,712,2025-04-17,21.475358,1066.130045
261,1399,519,2025-04-24,19.122427,1451.282464
262,352,281,2025-03-22,18.972679,3441.570213
263,1344,819,2025-02-22,13.482671,4427.427603
264,251,591,2025-03-29,13.902018,2062.984297
265,1168,172,2025-02-22,16.670834,3043.837055
266,88,190,2025-04-03,19.926303,4681.871068
267,566,850,2025-04-20,22.269214,2304.126795
268,148,196,2025-03-21,7.050700,2703.436842
269,415,333,2025-03-31,18.032690,876.541515
270,1280,36,2025-02-18,23.586753,1840.949359
271,1373,189,2025-03-03,8.175262,1190.797913
272,990,647,2025-04-12,12.478633,2123.142202
273,551,72,2025-04-03,3.174925,3308.649365
274,512,998,2025-01-12,23.381447,1836.699347
275,697,193,2025-03-29,5.189432,84.111841
276,1098,345,2025-03-31,14.439313,3078.143700
277,1039,901,2025-04-18,12.364517,1473.345420
278,457,30,2025-01-08,16.964491,2854.034706
279,1514,237,2025-01-31,10.598699,4427.916413
280,1110,315,2025-01-15,2.137599,1279.799934
281,1230,444,2025-03-19,14.394106,3172.561886
282,1334,605,2025-02-04,8.868460,516.698216
283,1146,798,2025-03-07,17.702387,4562.213946
284,1458,767,2025-03-03,19.931137,4156.524744
285,1357,316,2025-01-25,17.728347,3542.628766
286,1860,745,2025-04-06,14.966045,3773.825756
287,1557,311,2025-03-14,10.775414,4204.673207
288,1358,388,2025-02-09,6.431654,3894.262113
289,1475,400,2025-02-24,2.367816,4923.415488
290,734,677,2025-04-04,5.376656,4539.891757
291,667,786,2025-01-04,13.776415,3263.221766
292,617,946,2025-03-11,22.221684,2076.355355
293,1817,491,2025-01-14,8.042842,3702.651852
294,224,511,2025-01-15,1.547667,656.553301
295,840,895,2025-01-21,13.684740,3217.644790
296,558,445,2025-02-07,17.463192,740.715689
297,541,983,2025-01-01,9.129708,1655.101162
298,671,659,2025-04-17,1.332680,1683.163082
299,1229,645,2025-03-04,11.948316,2864.106235
300,1319,285,2025-02-06,12.963681,2116.292818
301,891,684,2025-04-15,20.933348,902.660259
302,523,909,2025-02-10,16.041619,1267.856289
303,1707,706,2025-03-21,11.298208,2851.803556
304,1262,379,2025-03-31,14.747125,2464.891181
305,672,437,2025-02-24,12.534431,286.038403
306,1178,637,2025-03-29,21.352411,2319.186310
307,1842,765,2025-01-29,19.307699,3539.328739
308,1546,913,2025-02-28,10.107073,3673.678519
309,919,556,2025-03-23,2.975086,2470.428770
310,609,904,2025-01-08,9.662833,260.250590
311,835,347,2025-03-21,1.166587,427.150943
312,1269,390,2025-01-29,10.071214,2702.447992
313,221,628,2025-04-11,20.502528,3436.789614
314,1669,577,2025-01-06,12.990456,1139.161498
315,586,592,2025-01-27,20.728541,3093.213477
316,238,709,2025-01-23,18.139319,892.322741
317,460,154,2025-03-09,19.558383,563.706217
318,320,548,2025-02-14,12.065658,3532.174617
319,958,631,2025-02-17,17.665060,4129.692764
320,1574,108,2025-01-23,22.389775,2718.259484
321,1302,6,2025-04-05,6.198874,2994.981403
322,1372,567,2025-02-19,21.093085,1477.761973
323,1958,456,2025-03-04,12.268330,4546.588466
324,107,577,2025-01-09,10.080253,4322.544477
325,1924,359,2025-03-11,5.798428,1101.557002
326,1198,987,2025-02-18,6.370676,1065.242544
327,1810,186,2025-03-20,21.423275,135.019347
328,1826,307,2025-02-14,20.816219,1101.247181
329,727,51,2025-02-28,8.869889,1589.142666
330,585,595,2025-03-03,14.444353,4590.191737
331,704,984,2025-03-29,8.435840,1543.566798
332,1492,326,2025-03-06,13.144037,918.215584
333,1196,777,2025-02-07,11.735396,1615.848139
334,917,112,2025-04-13,20.512492,3909.457849
335,317,163,2025-04-24,15.094430,1104.568622
336,914,93,2025-01-12,11.355378,2848.910000
337,234,674,2025-04-14,12.054288,1561.214654
338,556,657,2025-02-04,21.001478,170.875268
339,1905,413,2025-02-05,9.203997,4518.642810
340,484,8,2025-04-12,6.364325,4868.654399
341,851,230,2025-02-23,3.055697,1002.964400
342,514,913,2025-02-02,14.671968,3479.128604
343,726,711,2025-02-23,1.278843,2732.796271
344,1226,720,2025-03-06,8.470275,741.962143
345,86,957,2025-03-06,2.625211,3553.984462
346,47,239,2025-02-16,12.077835,4018.259685
347,113,90,2025-01-23,12.469772,1977.453230
348,1360,885,2025-01-02,20.716439,2161.537461
349,147,842,2025-01-16,14.205411,40.417380
350,684,290,2025-04-02,20.155580,2821.461019
351,851,846,2025-01-10,3.815391,1091.981178
352,222,280,2025-02-24,9.170235,241.660780
353,1019,992,2025-02-12,19.886104,2179.522770
354,1852,449,2025-01-21,8.867375,4896.190640
355,1346,466,2025-02-24,17.847843,1404.420980
356,550,377,2025-01-29,4.941513,1599.141075
357,1776,792,2025-02-04,13.964014,2163.260358
358,422,591,2025-01-29,12.650902,3731.061376
359,1441,797,2025-03-12,5.341057,2802.925299
360,1975,369,2025-03-30,15.767632,2419.179996
361,937,669,2025-03-06,13.249466,4973.792743
362,149,891,2025-04-05,6.089979,1552.828812
363,570,6,2025-03-13,13.713198,4659.087211
364,847,901,2025-03-31,18.470947,1042.727857
365,1023,224,2025-03-24,5.965125,1399.381020
366,232,943,2025-04-13,4.876139,740.644555
367,771,828,2025-01-19,14.837290,2673.107070
368,1454,238,2025-03-14,2.971506,2729.424443
369,1959,69,2025-03-20,22.377213,1811.733020
370,1411,492,2025-03-21,12.053663,2966.466382
371,936,571,2025-02-17,17.443930,3977.195543
372,1085,866,2025-01-15,4.239619,2231.610696
373,861,198,2025-04-19,2.808019,1816.886095
374,154,51,2025-02-14,21.810819,2325.872716
375,1108,627,2025-01-09,22.910910,1787.716194
376,775,586,2025-02-20,10.117451,1078.668732
377,594,57,2025-01-31,23.532225,1196.021208
378,964,197,2025-03-10,19.137188,3797.490292
379,1089,780,2025-03-09,7.343632,2204.406488
380,580,569,2025-02-20,5.530553,4978.139726
381,348,360,2025-02-16,11.443185,4344.248756
382,496,999,2025-01-05,1.495032,4939.333975
383,322,967,2025-03-04,19.111756,4734.511500
384,1731,279,2025-01-22,21.084761,3803.506669
385,1388,782,2025-02-07,12.885079,33.770234
386,1510,932,2025-01-02,2.559819,3952.127855
387,1655,392,2025-03-14,23.829740,2599.604854
388,1374,788,2025-02-12,12.193678,1372.029124
389,428,520,2025-04-16,18.900350,4605.536529
390,79,378,2025-03-08,18.924333,3578.543079
391,1501,965,2025-04-10,12.044832,4325.977697
392,1284,726,2025-01-19,0.792532,1543.987233
393,752,475,2025-02-22,17.184417,1907.285224
394,25,768,2025-04-19,19.756158,471.572000
395,934,247,2025-02-16,11.271303,3933.167676
396,522,217,2025-01-19,20.018235,3737.383737
397,643,409,2025-03-08,3.505140,3316.518327
398,455,985,2025-03-30,10.058630,3482.017111
399,404,757,2025-04-14,19.066682,2446.685436
400,1335,775,2025-04-02,13.532635,2729.236629
401,1057,804,2025-02-12,10.646481,4314.567787
402,1689,290,2025-02-03,3.884522,3593.353073
403,1903,933,2025-01-28,19.872010,1818.659172
404,1952,275,2025-02-21,8.916198,378.891687
405,161,261,2025-02-07,6.228736,4887.277476
406,1205,322,2025-01-16,16.464736,3913.337323
407,27,616,2025-03-08,2.790538,4778.677127
408,606,145,2025-03-21,14.797436,4049.785266
409,1211,118,2025-03-01,14.436486,1357.002026
410,17,273,2025-04-05,11.663520,2288.984963
411,622,293,2025-01-10,11.634154,1514.130341
412,1038,904,2025-03-09,6.872734,2864.680043
413,1809,312,2025-04-13,15.902822,4069.515886
414,1806,111,2025-01-20,16.338436,1429.037644
415,1748,936,2025-02-03,16.812968,1679.204921
416,660,335,2025-01-18,13.042367,458.460545
417,1179,642,2025-04-01,9.479632,4664.214806
418,1157,928,2025-03-13,17.621705,1696.569370
419,1815,648,2025-02-15,13.988009,3744.325943
420,1762,388,2025-02-07,13.706588,4305.568518
421,1913,715,2025-03-20,17.805182,168.774859
422,1266,710,2025-04-07,13.951925,682.990285
423,1893,701,2025-01-21,11.050623,3405.494010
424,911,351,2025-03-26,23.768631,4250.629606
425,901,864,2025-03-27,22.739993,4743.358532
426,1464,483,2025-03-16,2.911666,32.206840
427,1922,814,2025-01-13,0.836868,4038.435601
428,1917,791,2025-01-06,19.610262,3826.657802
429,907,573,2025-04-19,9.652754,1539.355525
430,452,708,2025-02-05,2.020797,516.507468
431,667,107,2025-01-26,4.686097,2575.107492
432,187,183,2025-01-09,3.114280,3942.676254
433,446,672,2025-03-20,19.440560,2612.384578
434,778,990,2025-01-06,10.626290,3064.388545
435,779,717,2025-01-17,7.378802,1000.712884
436,1808,585,2025-01-21,16.518467,4770.655628
437,391,752,2025-01-17,15.933671,1914.446196
438,6,521,2025-04-24,13.735823,1876.181024
439,646,731,2025-03-26,19.743477,4407.642649
440,1315,675,2025-01-29,15.550766,2898.288350
441,1851,41,2025-04-18,18.812407,1490.102927
442,1891,985,2025-02-02,1.324705,1604.227744
443,596,312,2025-01-28,18.810487,4516.225514
444,396,831,2025-01-04,13.712849,3304.679665
445,34,323,2025-03-20,10.822072,3350.816692
446,334,145,2025-02-13,15.103890,225.778498
447,601,918,2025-01-06,3.193132,653.913835
448,857,643,2025-02-28,14.054037,977.515905
449,1358,558,2025-01-29,6.241242,1264.685166
450,1734,95,2025-03-26,21.249892,1593.237501
451,72,175,2025-04-22,16.516761,572.084439
452,1534,726,2025-02-19,15.031982,127.559905
453,499,392,2025-01-26,21.881723,4528.900192
454,68,431,2025-03-12,14.061812,1612.864300
455,870,344,2025-04-09,18.220358,4327.690853
456,1830,35,2025-02-27,13.427218,4304.175421
457,608,473,2025-03-30,16.395557,2892.897205
458,509,520,2025-01-20,13.399668,2524.979327
459,1100,74,2025-04-12,22.531659,1477.727156
460,663,311,2025-02-10,21.009226,4140.951421
461,696,861,2025-04-24,17.150633,3348.394095
462,338,974,2025-04-03,12.390605,3140.008264
463,1676,394,2025-04-03,9.215273,4795.346426
464,1016,275,2025-01-30,22.275978,1676.149153
465,237,240,2025-04-12,19.196546,2998.411038
466,97,954,2025-02-26,13.472621,388.592965
467,1026,60,2025-03-25,17.598071,2745.568088
468,24,754,2025-03-27,11.997591,2982.734412
469,582,660,2025-02-23,18.864037,2469.837749
470,1707,575,2025-04-01,5.766262,2434.340630
471,581,348,2025-04-20,2.080829,1345.742504
472,1021,660,2025-03-12,6.862182,2701.328093
473,357,812,2025-01-06,19.807258,4193.257677
474,1147,831,2025-03-16,8.514161,1584.261674
475,1532,335,2025-03-30,19.429401,2216.095628
476,1417,203,2025-03-21,21.110297,3380.750232
477,1245,583,2025-04-06,13.452834,4641.365465
478,413,968,2025-02-02,12.474106,1643.987772
479,836,460,2025-02-14,6.132662,1892.888184
480,355,190,2025-04-11,20.246939,2452.296485
481,1118,355,2025-04-03,3.942750,903.365088
482,1425,788,2025-01-24,23.072395,4807.096883
483,1739,118,2025-04-12,10.944935,4145.831409
484,1271,733,2025-01-16,7.653425,3287.875657
485,1048,707,2025-03-17,2.794746,3633.119974
486,291,991,2025-03-18,5.537629,212.552020
487,1388,395,2025-04-14,17.875135,3823.645547
488,723,910,2025-03-18,1.450568,557.494767
489,1759,525,2025-02-22,15.693534,2393.899132
490,1412,125,2025-03-19,11.558109,3448.342960
491,1225,943,2025-02-15,5.779715,3298.427378
492,1322,49,2025-03-06,21.209917,1248.522089
493,700,801,2025-02-25,19.932484,1981.986622
494,907,754,2025-01-24,5.365894,1773.081849
495,263,274,2025-03-07,16.218093,844.595748
496,1330,364,2025-01-03,21.328159,4740.781897
497,1713,115,2025-01-25,20.150768,4723.762431
498,27,60,2025-04-07,3.476459,3582.455093
499,1328,545,2025-03-24,3.046157,2971.569920
500,912,493,2025-03-06,14.696059,4954.757378
501,222,366,2025-02-17,19.944924,3782.625784
502,1636,463,2025-04-20,10.128374,1034.848259
503,620,174,2025-01-03,5.294421,2721.248574
504,1037,168,2025-01-25,19.855850,3140.861374
505,733,847,2025-01-07,13.509490,856.271571
506,272,513,2025-02-04,6.954358,2508.081592
507,1161,432,2025-01-12,3.250986,1398.516429
508,1051,704,2025-02-07,13.687038,2075.027528
509,842,153,2025-03-26,23.930557,4027.907997
510,355,789,2025-04-13,21.444324,1940.505152
511,222,796,2025-03-30,11.943431,314.475785
512,600,358,2025-01-07,5.310919,2699.068853
513,1609,345,2025-02-05,8.829896,703.311810
514,36,444,2025-03-03,17.039306,4959.380981
515,1852,241,2025-02-17,8.092159,1510.107677
516,926,618,2025-03-12,9.175811,2504.144752
517,1092,854,2025-03-07,13.501683,1586.182521
518,278,434,2025-04-05,8.840538,3138.001264
519,681,588,2025-01-28,6.727590,420.955162
520,1772,598,2025-01-26,8.065576,1076.939343
521,561,700,2025-03-01,12.791431,163.810016
522,302,302,2025-04-20,17.795447,3374.666714
523,1936,879,2025-01-11,6.162095,3542.112688
524,661,876,2025-01-29,15.710829,4215.881680
525,64,632,2025-04-21,4.469841,2015.037956
526,1970,286,2025-04-20,14.026764,45.546466
527,1863,812,2025-01-22,23.457082,812.098225
528,1241,478,2025-03-20,11.698329,1472.793008
529,631,650,2025-01-12,3.169176,48.507630
530,284,747,2025-03-11,1.732417,3755.221830
531,1938,283,2025-01-01,2.888135,57.270222
532,684,205,2025-01-29,3.460975,4536.305419
533,1162,218,2025-03-25,17.988407,3285.781224
534,1036,150,2025-04-21,21.539460,2204.722611
535,1720,61,2025-02-21,5.465257,1178.403840
536,1432,967,2025-02-20,6.710443,4309.077582
537,101,222,2025-03-30,22.248987,3997.073708
538,1753,53,2025-01-28,16.843801,4924.443750
539,1415,355,2025-01-27,4.699088,621.884054
540,595,191,2025-01-02,23.592766,4482.028725
541,508,608,2025-03-14,21.350006,2830.024976
542,730,630,2025-02-07,23.678563,1628.973917
543,1861,548,2025-01-03,20.043464,4722.994650
544,743,296,2025-02-12,18.505940,4198.332137
545,422,11,2025-04-15,16.472925,2516.448513
546,1152,217,2025-03-04,16.779792,1133.446331
547,808,245,2025-02-14,21.946269,2396.576184
548,390,408,2025-02-22,16.710523,3354.822477
549,917,178,2025-02-04,22.008316,3786.341218
550,682,608,2025-03-07,13.242334,3045.457736
551,1136,671,2025-02-27,2.866230,341.270374
552,485,667,2025-01-16,13.624318,3192.864211
553,453,826,2025-01-27,1.939087,3132.145340
554,313,145,2025-01-07,8.077955,4761.507977
555,38,267,2025-02-11,23.872948,1400.104294
556,1262,594,2025-01-19,19.108056,3454.125571
557,1998,675,2025-03-24,2.214968,2586.910888
558,869,236,2025-01-25,11.295336,235.549733
559,180,926,2025-01-10,3.355983,2351.924797
560,1337,305,2025-03-21,23.483380,980.890732
561,1831,827,2025-01-06,16.565319,3515.860831
562,977,926,2025-01-09,8.737795,2321.872818
563,582,119,2025-04-01,14.646692,1123.701260
564,192,388,2025-01-29,10.676292,3165.701329
565,1397,92,2025-03-12,2.402412,4302.143203
566,1716,718,2025-01-28,3.317350,4670.189936
567,624,310,2025-01-20,1.795879,3660.399875
568,339,663,2025-01-19,0.987948,1415.112574
569,1802,433,2025-04-13,2.573715,704.078052
570,376,101,2025-03-24,13.255342,3595.703425
571,673,259,2025-03-18,1.244206,1421.910033
572,1638,863,2025-03-25,17.214643,4482.264564
573,903,913,2025-04-06,0.510396,3245.265864
574,1578,674,2025-01-16,19.886588,1616.836903
575,1772,193,2025-02-17,11.503022,1439.578710
576,809,653,2025-04-05,15.239226,1804.415906
577,1829,515,2025-01-12,7.227899,26.804250
578,717,61,2025-03-07,14.649135,2786.776175
579,1586,237,2025-04-08,18.418254,4419.803558
580,1514,754,2025-04-03,9.442034,2168.268880
581,1965,356,2025-01-01,4.216314,4525.545477
582,185,647,2025-01-04,23.859847,4191.904931
583,1967,846,2025-02-10,7.691474,3096.865068
584,897,318,2025-01-30,0.576259,2881.130960
585,511,83,2025-04-24,19.141739,1473.399880
586,1246,162,2025-01-05,7.628506,3808.422352
587,443,668,2025-02-07,2.730132,2397.889902
588,844,484,2025-02-13,1.069849,2847.906158
589,216,257,2025-03-09,18.847364,2077.881197
590,1552,401,2025-03-12,13.383101,3747.961239
591,1134,818,2025-03-30,3.657771,2010.733980
592,1665,351,2025-04-24,17.480376,516.475148
593,718,363,2025-02-04,9.083376,4990.506766
594,1265,311,2025-02-26,19.211078,1144.475091
595,783,524,2025-02-26,6.139578,1316.834067
596,1780,515,2025-02-02,20.293432,2832.349963
597,58,232,2025-03-03,6.176916,135.776518
598,1743,38,2025-04-24,20.382296,4885.772696
599,356,165,2025-03-22,1.240439,711.072656
600,906,637,2025-04-01,22.628632,1521.215915
601,856,786,2025-01-01,13.836573,3681.748042
602,798,786,2025-02-18,15.479390,2440.002942
603,1108,458,2025-02-16,17.667493,81.759735
604,118,948,2025-02-02,17.114506,541.160405
605,888,279,2025-02-28,0.761052,989.612197
606,1321,742,2025-04-07,7.812811,2390.573459
607,1598,738,2025-01-31,14.737761,571.244446
608,1784,608,2025-02-10,14.550964,3438.925678
609,586,259,2025-02-24,6.622565,1373.001492
610,127,669,2025-02-26,19.322483,2657.945245
611,1027,279,2025-04-07,23.920533,4697.939770
612,993,530,2025-02-23,3.034352,333.022949
613,1954,175,2025-01-31,19.424432,1435.272145
614,36,170,2025-03-23,15.175224,1568.407998
615,1346,772,2025-01-25,8.470278,4304.101739
616,553,421,2025-04-06,17.521878,1202.140622
617,972,95,2025-02-16,18.308430,1718.223929
618,1269,116,2025-04-11,23.711674,1689.843593
619,218,832,2025-02-26,9.296411,2167.936773
620,965,429,2025-02-11,16.297688,1496.982265
621,1589,687,2025-03-01,17.482575,4419.681435
622,202,702,2025-02-10,19.832792,4431.110054
623,1683,646,2025-01-29,14.414251,249.902336
624,1429,977,2025-03-25,7.580273,3325.170462
625,717,118,2025-01-10,7.381343,3133.637105
626,343,535,2025-02-22,23.803174,3625.363009
627,934,3,2025-01-20,4.537686,3247.605243
628,1290,549,2025-02-19,17.387596,2600.751708
629,359,445,2025-04-02,6.819825,799.053913
630,338,577,2025-02-20,6.744322,4753.463455
631,1586,457,2025-04-06,7.989969,3614.964502
632,1141,116,2025-01-07,7.442765,4448.452805
633,1853,457,2025-02-18,23.585211,377.531078
634,1512,36,2025-01-15,12.476853,2795.253579
635,611,618,2025-01-14,12.125516,4329.681436
636,859,616,2025-02-20,8.541614,3826.834990
637,1346,193,2025-03-30,21.945128,3027.414448
638,1457,178,2025-01-09,13.955095,3344.792957
639,334,773,2025-01-20,5.177164,634.443451
640,1848,699,2025-01-17,4.522245,2448.033212
641,1787,138,2025-02-10,20.056841,2580.315319
642,168,558,2025-03-20,9.165204,2262.937662
643,676,843,2025-04-21,2.378329,3961.138088
644,1948,768,2025-03-13,12.743066,2915.985443
645,1106,171,2025-03-04,21.520695,2416.285449
646,1670,628,2025-03-26,5.225490,4694.476827
647,806,913,2025-03-03,9.783193,4274.119839
648,254,277,2025-04-22,6.750098,595.276505
649,1878,25,2025-03-28,16.155131,1041.330298
650,566,237,2025-03-23,18.182234,1096.917970
651,1499,591,2025-03-15,0.675730,1675.036246
652,1696,736,2025-04-11,4.641364,1813.014584
653,489,464,2025-03-18,8.095423,1506.144297
654,1730,619,2025-01-16,21.836025,2188.444110
655,1843,647,2025-02-05,7.241659,132.125910
656,503,847,2025-04-24,16.425762,3095.663751
657,589,676,2025-03-28,22.007189,3514.953861
658,1055,953,2025-03-23,3.724695,1766.816360
659,1113,63,2025-01-07,17.312808,3807.225646
660,1935,126,2025-01-20,13.592041,4704.354414
661,1457,136,2025-02-06,23.979137,975.710903
662,1697,439,2025-04-22,14.467985,4138.974662
663,1609,620,2025-01-14,21.793656,3786.612404
664,416,769,2025-04-10,6.806428,4611.731192
665,784,860,2025-04-22,7.084492,799.962043
666,215,83,2025-04-13,13.029976,117.264395
667,189,300,2025-01-25,6.139090,2854.681325
668,1557,871,2025-01-08,13.404579,2287.644048
669,281,221,2025-03-17,10.117133,4888.433655
670,1765,713,2025-04-01,21.584818,496.337192
671,452,284,2025-01-14,5.636808,2649.131387
672,1510,145,2025-03-11,4.399153,3166.530895
673,484,765,2025-02-23,21.120349,897.834722
674,1026,729,2025-02-14,7.774893,4021.155821
675,1820,606,2025-02-08,6.069101,187.662611
676,133,744,2025-03-08,19.593346,4506.991850
677,1617,913,2025-01-25,4.625156,2442.029063
678,1016,337,2025-03-21,22.619088,3317.696863
679,48,516,2025-02-09,12.854977,670.395725
680,1400,831,2025-03-15,15.700941,4338.746662
681,1307,550,2025-01-08,9.053373,3799.720756
682,236,611,2025-04-22,15.931550,2135.849881
683,535,701,2025-02-05,13.567033,1951.823492
684,259,183,2025-03-10,5.765138,1071.215343
685,1201,423,2025-03-12,13.659807,2460.114680
686,929,928,2025-03-08,22.693353,2854.058731
687,1922,823,2025-01-10,12.117341,2777.216515
688,222,201,2025-02-18,23.196204,450.764233
689,936,579,2025-04-04,17.981982,4365.631588
690,235,28,2025-02-16,10.379318,711.934184
691,1476,446,2025-02-09,23.408822,3310.975333
692,1337,769,2025-03-14,17.435524,4000.556463
693,1098,128,2025-01-30,7.625380,2079.547981
694,1369,414,2025-03-23,1.819199,4701.506922
695,1109,720,2025-02-04,20.746127,4616.499578
696,1726,369,2025-01-09,15.930917,1584.779317
697,997,265,2025-04-07,7.053987,4014.821743
698,731,288,2025-03-21,8.523196,1588.173839
699,1270,655,2025-03-31,20.716456,2609.430070
700,1474,664,2025-03-06,22.163755,4443.336847
701,1983,301,2025-01-04,21.790133,3504.997613
702,966,986,2025-02-15,14.373068,2324.118295
703,1679,301,2025-04-08,4.480976,3160.029462
704,1052,876,2025-03-13,22.667610,4812.203926
705,1135,674,2025-03-01,6.849846,528.820772
706,1275,851,2025-01-18,23.782381,1703.155952
707,514,883,2025-02-15,5.007098,544.333615
708,1239,876,2025-02-22,11.999598,1847.889186
709,1988,3,2025-01-25,8.248358,2269.760914
710,1947,48,2025-03-05,12.836184,4653.035592
711,1127,680,2025-03-02,14.722127,3235.033071
712,1456,237,2025-03-05,4.029962,3461.375004
713,822,774,2025-02-08,14.699278,1169.256312
714,1145,992,2025-04-15,18.193288,1567.251062
715,726,895,2025-01-06,19.157611,126.363327
716,1483,94,2025-02-28,22.627350,1081.492790
717,372,903,2025-02-13,3.777474,378.807119
718,1240,244,2025-02-10,0.665176,4778.687757
719,124,819,2025-01-21,16.947103,3213.767062
720,1685,629,2025-01-22,3.743251,4844.934040
721,536,792,2025-01-30,1.240006,1469.422390
722,1120,233,2025-03-14,5.876528,867.516735
723,1432,552,2025-01-09,23.314985,4103.761139
724,382,635,2025-03-23,23.714979,71.416226
725,1928,810,2025-04-08,3.495607,1543.488805
726,702,316,2025-02-08,17.111820,4530.039408
727,1815,692,2025-04-22,13.440213,1921.269169
728,349,418,2025-04-17,17.708725,2310.177799
729,545,788,2025-04-11,18.880841,2642.677545
730,404,993,2025-04-11,16.584167,3544.487036
731,345,470,2025-01-07,9.615093,1123.465111
732,1619,308,2025-03-22,2.310795,3566.866098
733,1065,488,2025-03-28,23.686846,858.942253
734,640,766,2025-01-26,9.982921,4455.041802
735,1026,653,2025-04-16,2.116125,4209.876081
736,118,809,2025-04-01,6.399245,2023.286762
737,145,613,2025-04-14,13.594334,1776.214388
738,1593,217,2025-03-18,23.032878,1472.487798
739,1351,695,2025-03-01,4.006040,1248.742012
740,1360,547,2025-03-28,8.583913,3298.087705
741,1404,428,2025-02-12,9.411035,4606.608540
742,1326,413,2025-03-06,23.206319,1836.707813
743,317,119,2025-03-12,15.480971,1893.414286
744,1470,111,2025-02-12,5.841283,651.154611
745,583,840,2025-03-10,18.231224,1864.557757
746,312,666,2025-04-06,13.614568,360.331856
747,129,657,2025-02-09,1.767120,2214.321843
748,1177,264,2025-02-04,14.164570,3287.101882
749,1879,417,2025-02-11,15.176488,992.594064
750,1432,951,2025-01-13,2.933018,1299.736912
751,120,540,2025-02-23,11.825879,2024.851259
752,653,939,2025-03-23,12.908740,4722.079045
753,233,273,2025-01-13,18.859803,3309.687094
754,1252,546,2025-02-20,14.413097,3984.329133
755,827,765,2025-02-21,19.148381,2076.192836
756,830,627,2025-04-14,13.282734,23.373048
757,1264,433,2025-02-13,10.036697,2909.151163
758,1553,113,2025-02-10,18.840571,1484.477913
759,654,794,2025-02-20,15.133929,465.289980
760,1458,906,2025-01-30,6.783737,2349.024549
761,197,683,2025-02-18,1.651460,4329.381157
762,178,169,2025-03-30,1.035847,1331.245912
763,241,336,2025-04-24,5.393112,2844.235503
764,990,788,2025-01-26,3.484939,4574.217047
765,1587,422,2025-04-12,15.840528,675.414694
766,162,869,2025-01-04,23.346319,2320.258526
767,1874,150,2025-01-05,16.021655,1521.951144
768,654,37,2025-02-28,14.857836,546.529698
769,1343,839,2025-04-20,1.660719,3703.844662
770,22,847,2025-04-14,5.776112,2297.112280
771,135,940,2025-03-13,4.460646,3723.063515
772,1501,838,2025-02-23,23.895073,3582.809882
773,513,652,2025-03-17,4.502008,2856.361529
774,215,871,2025-04-14,5.880970,3143.575804
775,1751,965,2025-04-20,5.865900,1065.708382
776,1039,748,2025-02-25,1.829990,2347.137454
777,577,517,2025-04-03,0.583221,335.989539
778,220,864,2025-02-13,8.319737,4493.007407
779,1276,787,2025-03-03,22.653411,2706.295430
780,1143,242,2025-01-31,21.800304,36.660921
781,977,654,2025-03-20,9.646639,4514.840166
782,1891,349,2025-03-13,19.225849,4242.481366
783,118,777,2025-03-25,20.267865,1614.250014
784,738,133,2025-04-24,12.680457,1935.096638
785,726,854,2025-01-09,21.642102,4711.214727
786,1959,232,2025-02-18,11.624980,654.673562
787,1668,594,2025-02-24,2.452971,3735.657484
788,1438,846,2025-01-16,12.733064,4964.444497
789,307,811,2025-02-13,0.684003,1972.880570
790,599,87,2025-03-23,2.773974,3481.543520
791,873,439,2025-01-20,11.043775,465.869788
792,375,962,2025-02-03,5.630312,1339.663230
793,266,471,2025-03-05,6.906447,1580.403398
794,805,569,2025-04-24,4.231770,4566.646087
795,307,579,2025-02-26,1.753414,832.721803
796,1185,961,2025-01-24,7.926325,1850.258922
797,1550,513,2025-01-18,12.426852,1638.658547
798,1919,239,2025-01-21,6.458627,182.278606
799,138,305,2025-04-15,16.057024,2685.347806
800,218,698,2025-03-05,1.059340,4087.964209
801,1221,167,2025-02-15,18.033015,914.611929
802,192,221,2025-01-26,11.772937,4955.970027
803,1056,566,2025-03-21,3.738096,854.120388
804,1307,9,2025-01-15,13.040272,1525.024850
805,1311,250,2025-04-09,10.062259,111.386363
806,1978,267,2025-03-19,1.178362,2622.410488
807,1718,495,2025-01-25,3.152920,2345.793286
808,1037,871,2025-02-26,1.264631,3712.282612
809,706,624,2025-02-23,2.775955,3398.732090
810,2000,516,2025-01-18,18.374476,1001.512671
811,992,478,2025-03-17,14.426813,4644.958961
812,99,647,2025-04-16,12.065291,4042.058598
813,810,24,2025-04-22,10.098305,1262.793856
814,1278,955,2025-01-16,17.889870,3109.553923
815,1909,112,2025-03-17,11.219549,3962.093151
816,1695,60,2025-02-21,3.631773,3389.413948
817,1634,862,2025-01-23,23.562583,2960.759910
818,452,406,2025-02-25,10.101971,3882.291210
819,918,526,2025-02-13,4.992370,1388.812364
820,267,860,2025-02-24,0.678419,1926.590737
821,1564,395,2025-04-10,14.627724,118.073546
822,554,443,2025-02-08,19.847123,4362.767873
823,1476,629,2025-02-19,6.478182,775.708037
824,99,777,2025-03-28,8.214058,3299.196370
825,11,837,2025-01-04,23.974620,2277.253794
826,1112,862,2025-01-28,21.009729,3478.981300
827,1194,144,2025-03-27,1.693773,3124.528574
828,1423,762,2025-02-22,19.928616,3689.298404
829,203,764,2025-03-29,2.331639,949.812467
830,1173,847,2025-04-16,11.668121,2733.683558
831,1035,602,2025-03-11,2.469706,2522.160310
832,619,46,2025-03-15,16.036916,2908.169026
833,1138,988,2025-03-13,3.178556,395.497151
834,1512,798,2025-02-04,7.019289,3494.138593
835,494,311,2025-04-05,4.648712,1369.502714
836,679,785,2025-01-01,21.162819,4962.754219
837,1022,638,2025-01-03,0.786818,2145.818076
838,808,611,2025-01-16,5.313631,4121.811288
839,1644,780,2025-01-07,14.652157,1351.417137
840,889,494,2025-04-22,17.426082,502.239108
841,1904,938,2025-04-03,17.346093,2790.038299
842,1066,812,2025-03-14,14.266567,3404.844603
843,687,469,2025-02-07,23.029680,1852.370594
844,897,517,2025-02-03,23.834548,1070.299258
845,210,436,2025-02-07,13.688271,4047.171892
846,1983,326,2025-03-20,15.858789,2404.559475
847,1057,458,2025-02-12,20.854018,3499.112704
848,929,351,2025-03-10,2.894130,2053.744499
849,1728,903,2025-02-01,6.908756,707.780028
850,813,992,2025-01-24,23.306573,2992.783772
851,1028,624,2025-04-14,14.030880,3309.667067
852,993,605,2025-03-31,12.761132,3042.712066
853,30,375,2025-01-29,2.040851,4460.683239
854,187,66,2025-02-02,6.349975,4647.742587
855,638,818,2025-02-12,7.810828,3986.444713
856,1193,883,2025-03-14,16.754168,3282.679563
857,416,211,2025-01-20,15.202430,4876.332548
858,1623,574,2025-03-10,16.943042,2548.154005
859,5,569,2025-02-24,11.887862,3761.784186
860,1024,781,2025-01-20,5.308525,1953.944412
861,1062,802,2025-03-13,13.639182,900.061005
862,1960,461,2025-03-21,4.482409,3754.715381
863,191,319,2025-04-05,12.948607,2589.082820
864,929,815,2025-03-14,4.428203,3856.345764
865,100,568,2025-04-23,2.039605,355.216718
866,1654,215,2025-04-12,21.501344,1843.744402
867,715,82,2025-03-14,18.314061,2083.965010
868,1052,163,2025-02-07,1.138146,2653.162070
869,417,376,2025-01-29,22.559350,2661.556985
870,331,688,2025-01-19,5.906858,4550.533057
871,102,275,2025-01-24,22.830042,769.580976
872,1911,105,2025-04-06,7.871469,1076.002490
873,1838,934,2025-04-16,17.435590,2708.688583
874,947,959,2025-01-11,2.007683,619.282600
875,167,641,2025-02-09,10.253508,2050.395370
876,1186,279,2025-02-01,2.323229,2059.278210
877,1845,115,2025-03-24,22.301218,3883.376155
878,1638,124,2025-03-18,14.383308,2084.984339
879,959,74,2025-02-20,11.622705,3532.804126
880,705,959,2025-01-02,7.214536,4833.407049
881,1415,348,2025-01-17,8.219114,538.320248
882,1639,590,2025-02-09,15.977730,3832.623684
883,1072,686,2025-04-11,9.358680,1422.810731
884,1586,470,2025-01-31,20.165081,4854.244557
885,274,492,2025-03-01,12.639370,2161.560454
886,1012,849,2025-02-24,2.507650,1079.333087
887,1703,717,2025-03-10,4.710294,2213.446808
888,1367,541,2025-03-25,16.356382,1488.590677
889,153,909,2025-03-03,23.369935,3295.722146
890,356,268,2025-01-23,3.929488,3418.426829
891,206,668,2025-03-29,8.310089,1162.642416
892,583,713,2025-01-01,1.854772,4104.202296
893,516,188,2025-03-11,16.489764,838.845160
894,280,417,2025-01-21,20.983603,4725.248805
895,466,957,2025-01-28,9.483270,1915.187634
896,88,65,2025-04-20,10.344116,844.251886
897,935,584,2025-03-09,12.996656,552.256503
898,338,492,2025-02-28,7.675653,504.604037
899,1813,259,2025-04-10,19.821550,1438.659223
900,458,485,2025-03-06,18.821837,2434.464533
901,800,112,2025-04-12,13.731869,2964.763903
902,1639,307,2025-03-28,11.630703,3712.686476
903,1492,175,2025-04-08,16.832511,3331.924594
904,623,517,2025-02-24,8.458174,56.426497
905,1735,5,2025-03-13,8.558437,3362.332269
906,1880,69,2025-04-11,2.055487,1350.616956
907,570,317,2025-04-11,12.464643,646.212494
908,1360,579,2025-01-30,8.066820,3533.833513
909,459,519,2025-02-06,8.334637,3796.549163
910,1688,611,2025-01-31,18.986352,3688.749284
911,48,395,2025-01-18,15.774417,1779.680929
912,1869,801,2025-04-05,16.614302,2707.396218
913,1649,102,2025-01-16,9.979199,3904.994959
914,1569,343,2025-01-16,10.854063,565.949502
915,923,59,2025-03-01,17.498632,1146.264765
916,148,24,2025-04-13,13.627082,2726.180313
917,1724,12,2025-03-17,15.379901,213.386865
918,682,221,2025-01-27,9.635341,3872.453291
919,1065,292,2025-01-24,22.697104,1564.777127
920,1470,21,2025-01-18,5.499670,3611.898618
921,1120,398,2025-02-04,15.062408,1872.532373
922,1849,429,2025-03-26,9.453670,1066.919738
923,249,731,2025-01-04,20.755901,1041.756957
924,1844,828,2025-01-19,19.051111,293.344247
925,876,580,2025-02-14,11.943369,726.973280
926,64,34,2025-03-07,16.923326,4223.911806
927,1827,321,2025-03-19,10.297088,3153.517626
928,1763,698,2025-03-29,5.734401,939.200178
929,1258,526,2025-01-15,1.933404,3007.032073
930,960,963,2025-04-10,20.088678,4047.868023
931,1281,417,2025-03-06,13.083352,4448.299693
932,198,817,2025-03-12,19.413311,3453.792624
933,1098,523,2025-04-15,5.795991,2167.627980
934,966,937,2025-01-07,3.454270,1599.670226
935,993,359,2025-04-08,16.814791,4005.584566
936,1121,219,2025-02-24,9.599039,996.927906
937,1801,88,2025-02-17,16.032414,4335.875170
938,1881,999,2025-03-15,4.745769,1203.432720
939,447,309,2025-01-07,20.126770,1409.605435
940,1295,639,2025-02-28,1.114309,4261.372828
941,427,219,2025-03-02,17.036896,2927.715530
942,1868,532,2025-01-01,19.144360,2562.345441
943,1317,223,2025-03-21,13.634466,558.111468
944,1418,845,2025-02-06,20.990345,183.055974
945,1457,309,2025-04-17,19.883011,4520.594174
946,1950,105,2025-03-10,15.525317,4001.127030
947,979,922,2025-01-23,12.235514,4128.893051
948,952,407,2025-03-18,10.794560,983.338811
949,926,465,2025-02-15,22.285086,4250.761482
950,1525,327,2025-04-19,13.969432,4118.225651
951,1975,257,2025-03-06,15.821523,225.339199
952,1032,989,2025-03-02,21.910431,3223.766714
953,431,721,2025-01-03,6.735349,1788.379598
954,815,148,2025-03-14,3.795357,4287.962086
955,723,597,2025-04-15,5.618923,3045.745864
956,1879,338,2025-02-21,9.425782,1213.007503
957,120,11,2025-03-16,8.663859,1929.613634
958,599,347,2025-03-07,7.955951,1312.039033
959,866,926,2025-01-18,2.771214,4559.071333
960,1250,907,2025-02-20,13.912555,3209.195840
961,1691,393,2025-02-05,11.652374,2947.191590
962,1368,348,2025-02-23,3.963850,2105.283578
963,1215,322,2025-02-20,13.036588,2725.133377
964,59,489,2025-04-17,14.302269,3872.665049
965,1514,341,2025-04-14,2.803933,3109.412491
966,447,616,2025-03-16,10.852257,2169.325138
967,1828,386,2025-04-01,1.267267,3528.603664
968,258,937,2025-02-12,21.471324,1069.761531
969,109,880,2025-01-22,1.458753,2054.956910
970,1803,644,2025-03-22,15.440472,1428.068543
971,652,715,2025-03-20,11.514701,4465.761128
972,1944,238,2025-04-23,0.689078,1795.325962
973,1401,905,2025-02-11,1.324357,3520.462024
974,1850,263,2025-04-04,11.396219,4857.149077
975,1364,813,2025-01-17,4.320957,747.374062
976,1014,439,2025-01-08,18.418630,3220.556903
977,929,353,2025-03-10,11.710415,1468.350041
978,314,27,2025-01-16,5.368913,1556.789154
979,1385,661,2025-03-09,19.532762,3976.753014
980,151,884,2025-04-06,3.020293,3059.574668
981,1663,600,2025-01-10,14.356601,3692.693884
982,212,446,2025-01-27,1.060528,553.503883
983,1084,289,2025-03-16,18.034849,4312.371861
984,24,348,2025-03-03,0.687570,3047.174163
985,1696,533,2025-03-30,18.212220,4726.546317
986,962,833,2025-04-24,10.856292,2699.586119
987,430,542,2025-04-17,23.706063,4728.851807
988,1244,742,2025-03-01,4.326308,2329.717548
989,706,892,2025-01-01,8.603785,676.967696
990,1043,875,2025-02-28,22.703480,3605.320212
991,424,758,2025-01-29,18.804140,4058.190749
992,681,394,2025-01-28,14.377653,3113.706207
993,1063,166,2025-01-20,22.743297,3830.617902
994,1264,554,2025-04-18,15.668158,2016.850253
995,735,324,2025-03-02,23.926011,3466.940848
996,870,998,2025-01-05,2.790319,4410.447306
997,532,813,2025-02-26,17.425844,351.193449
998,1372,660,2025-02-03,1.065406,4526.907723
999,1292,834,2025-01-14,14.510370,2836.246585
1000,1700,727,2025-04-06,19.385793,4522.641520
1001,115,532,2025-02-26,7.556708,932.829362
1002,988,759,2025-01-26,14.669230,1298.186975
1003,1961,933,2025-04-22,19.370474,1239.090548
1004,214,704,2025-03-15,1.540391,1270.496115
1005,48,175,2025-02-28,1.078144,3002.092961
1006,299,419,2025-01-22,7.631983,518.893829
1007,1243,189,2025-02-10,22.247557,1800.990935
1008,1877,481,2025-01-20,20.642758,894.537011
1009,3,459,2025-04-02,3.822974,958.623110
1010,1123,388,2025-02-21,3.192288,4948.502656
1011,17,545,2025-04-04,7.165391,1731.204662
1012,1783,173,2025-04-22,13.078382,4852.179978
1013,1055,385,2025-02-20,20.475698,376.903151
1014,447,686,2025-01-24,8.582567,1320.247740
1015,235,62,2025-03-13,7.654073,4082.993561
1016,383,905,2025-02-19,2.597841,4589.923752
1017,859,425,2025-01-10,20.609798,2147.831069
1018,610,157,2025-04-02,13.882352,4756.333852
1019,839,406,2025-04-14,6.418508,4762.410270
1020,1015,996,2025-03-03,10.187827,3600.101231
1021,85,852,2025-03-05,7.011855,1607.420127
1022,1191,505,2025-03-26,8.622683,1986.641266
1023,1967,200,2025-01-09,22.170801,486.929809
1024,1288,890,2025-04-07,0.941815,3126.961637
1025,1797,286,2025-02-28,14.613196,886.472940
1026,965,787,2025-03-13,9.239234,3908.049956
1027,261,24,2025-02-15,18.579326,741.997942
1028,1325,738,2025-03-27,11.251823,4210.747954
1029,1247,491,2025-02-04,0.718919,2655.877737
1030,757,155,2025-02-11,23.290352,313.572924
1031,491,617,2025-04-16,18.428883,2058.705246
1032,231,131,2025-03-12,0.728035,2426.187850
1033,511,576,2025-04-19,7.772085,3915.663300
1034,1279,805,2025-01-10,20.430544,544.718587
1035,61,234,2025-03-30,12.180623,3303.504959
1036,976,464,2025-04-02,22.667975,4209.266612
1037,1754,144,2025-04-14,13.228399,1797.960254
1038,1442,169,2025-03-25,5.345274,86.399737
1039,158,217,2025-04-14,21.152161,3178.872453
1040,1763,651,2025-02-10,7.389995,3835.321129
1041,1984,62,2025-03-16,7.602573,1914.762572
1042,761,603,2025-01-15,21.339865,343.669399
1043,724,333,2025-01-11,22.432549,1598.156965
1044,468,80,2025-03-29,16.422260,1302.873726
1045,1714,979,2025-02-07,7.914097,37.262135
1046,1615,767,2025-01-13,1.743916,1280.897924
1047,134,185,2025-03-15,14.334945,2387.942088
1048,127,827,2025-03-22,8.298070,1122.656439
1049,1219,396,2025-01-22,5.778979,3374.307324
1050,1115,245,2025-03-17,13.165812,2857.280832
1051,1068,264,2025-04-22,14.724720,2725.450226
1052,291,698,2025-01-25,19.993583,4519.751424
1053,1980,976,2025-04-20,0.808863,1171.136411
1054,1110,997,2025-01-01,12.630710,2616.039722
1055,1918,52,2025-04-04,17.521136,1359.033287
1056,1205,137,2025-02-06,17.182956,3122.333637
1057,779,298,2025-02-07,16.473121,4077.546286
1058,618,680,2025-03-22,9.207046,879.324884
1059,843,414,2025-04-15,14.159784,2284.798394
1060,1299,532,2025-02-14,23.327462,701.168356
1061,1849,300,2025-02-09,19.258238,3712.417051
1062,766,945,2025-02-18,9.602612,3630.497810
1063,1493,663,2025-02-23,9.741332,2240.294607
1064,1014,426,2025-03-18,7.427027,4237.024258
1065,413,485,2025-03-12,22.571887,2348.539646
1066,995,385,2025-03-30,17.407440,3818.533306
1067,187,67,2025-02-17,3.837657,2142.444093
1068,1240,297,2025-04-08,12.434710,1708.437423
1069,915,366,2025-04-01,5.297523,675.640127
1070,1182,198,2025-02-26,23.337983,4126.644272
1071,1009,475,2025-02-23,15.580237,3217.663574
1072,1610,827,2025-03-26,16.737700,771.309167
1073,450,954,2025-03-26,9.843060,1410.445982
1074,156,891,2025-02-24,10.713136,1648.479367
1075,1754,59,2025-03-16,7.632760,1362.239702
1076,462,223,2025-03-01,8.641526,2988.898437
1077,975,472,2025-03-23,5.752157,1731.034918
1078,240,909,2025-01-06,2.818718,973.227646
1079,761,62,2025-02-18,14.973889,1794.808122
1080,80,129,2025-02-13,16.678471,3697.761288
1081,1695,46,2025-03-14,14.194375,1530.463200
1082,195,487,2025-01-20,9.543784,4258.229151
1083,1547,312,2025-04-01,10.365951,2927.516475
1084,1422,915,2025-01-28,22.782414,1455.286514
1085,819,516,2025-03-29,19.379865,1190.590703
1086,1922,957,2025-01-15,4.338113,2791.870892
1087,161,629,2025-01-14,21.886787,3644.035099
1088,1013,823,2025-01-25,19.850424,1325.847757
1089,352,592,2025-02-09,9.148987,1436.860799
1090,186,939,2025-03-20,4.534413,4135.202263
1091,1703,391,2025-04-03,14.955828,34.863798
1092,1368,847,2025-03-11,4.846235,2357.941430
1093,1087,145,2025-02-27,8.859045,67.073753
1094,887,185,2025-02-17,5.638670,2338.788371
1095,1107,105,2025-02-02,11.187710,2343.714977
1096,1906,74,2025-02-28,1.284211,2979.048470
1097,1244,659,2025-02-13,18.783693,4958.448363
1098,210,238,2025-01-10,9.912760,1801.977444
1099,915,814,2025-04-05,10.331592,4555.982737
1100,949,705,2025-01-12,3.151969,4639.018599
1101,283,352,2025-03-27,6.200283,1271.963364
1102,1471,536,2025-01-10,16.913425,4629.238217
1103,1943,714,2025-03-26,23.669164,2047.680847
1104,247,963,2025-04-14,9.238871,2675.686840
1105,1713,283,2025-03-30,22.760510,4639.991263
1106,451,817,2025-01-05,23.330420,1346.200861
1107,757,57,2025-04-04,17.427847,1556.966180
1108,1371,127,2025-02-18,8.498993,443.476903
1109,625,985,2025-02-07,8.374731,2206.164441
1110,112,678,2025-04-11,12.075556,1918.254472
1111,1489,230,2025-01-01,18.988562,2041.487950
1112,850,129,2025-04-24,17.747298,4369.044661
1113,407,545,2025-01-18,10.327605,212.082435
1114,501,319,2025-01-27,5.713313,1963.430558
1115,598,44,2025-03-25,23.774363,4555.647745
1116,729,471,2025-02-04,14.441705,4728.029948
1117,1543,370,2025-01-18,3.395713,3482.486297
1118,960,197,2025-03-08,19.507660,1921.001102
1119,1164,318,2025-04-08,14.190245,3518.480786
1120,835,983,2025-01-26,6.184522,3584.629200
1121,700,932,2025-02-08,15.007880,4941.966268
1122,660,568,2025-04-16,8.435574,347.054664
1123,120,123,2025-03-18,17.701709,3879.674293
1124,657,704,2025-04-03,2.234194,3946.878624
1125,514,835,2025-03-09,5.500777,4152.810730
1126,1002,748,2025-03-17,16.820577,3009.043798
1127,1950,211,2025-02-23,23.204712,2321.770024
1128,1189,223,2025-01-23,8.841569,623.648510
1129,654,149,2025-02-09,13.951750,4074.398705
1130,697,722,2025-02-20,6.259204,3821.950756
1131,339,899,2025-02-16,9.380508,124.138400
1132,1949,554,2025-04-02,17.293362,3661.937356
1133,1590,81,2025-01-13,3.547171,2252.768575
1134,1172,107,2025-03-24,13.133094,3054.944042
1135,454,485,2025-04-12,9.659908,1004.851103
1136,1006,476,2025-03-25,12.055722,1251.058676
1137,417,444,2025-03-11,22.615265,1381.037191
1138,1372,76,2025-01-12,12.562491,1589.047259
1139,1747,522,2025-03-09,13.802251,2839.106422
1140,415,909,2025-03-21,2.130591,4890.617155
1141,83,335,2025-04-08,3.049516,1322.952492
1142,1424,966,2025-04-05,14.858611,2365.156336
1143,1759,459,2025-02-06,16.450311,3187.271180
1144,242,844,2025-03-14,16.519491,3885.357600
1145,943,85,2025-02-26,5.657355,4353.113591
1146,267,346,2025-04-24,15.715241,1922.353803
1147,1094,820,2025-04-24,19.508255,2114.418098
1148,395,770,2025-04-10,18.940827,494.787785
1149,1613,362,2025-03-26,23.905550,2505.187736
1150,627,770,2025-03-09,3.042260,4213.407965
1151,266,949,2025-04-22,11.330701,3681.948386
1152,1216,206,2025-01-25,4.388454,1348.297774
1153,406,201,2025-03-11,3.628391,2657.827997
1154,1578,970,2025-04-11,21.236620,810.010625
1155,1294,899,2025-03-31,23.045122,2487.318589
1156,1841,314,2025-03-05,20.627376,2362.946814
1157,1171,477,2025-04-22,17.083982,4689.493080
1158,264,47,2025-01-23,19.605691,3546.640518
1159,1075,203,2025-01-01,12.378772,3438.383910
1160,1036,152,2025-04-20,4.550279,3861.372547
1161,1051,17,2025-03-11,21.359509,3635.875410
1162,99,624,2025-02-06,23.443839,2818.125028
1163,1270,600,2025-02-05,7.475970,4101.245510
1164,238,7,2025-03-13,0.934199,1595.714594
1165,567,546,2025-04-17,8.997229,2151.807314
1166,442,648,2025-02-16,7.137081,3497.234547
1167,852,791,2025-04-04,15.914143,3278.176623
1168,497,131,2025-04-02,10.466615,2512.481874
1169,1301,752,2025-04-09,20.778547,1641.694974
1170,1900,71,2025-02-28,4.592311,549.226087
1171,318,559,2025-01-22,4.861851,2965.808118
1172,330,68,2025-02-26,11.044320,4997.859321
1173,1781,529,2025-02-13,6.151866,1358.740208
1174,1862,408,2025-01-07,10.935797,2353.583489
1175,1143,978,2025-04-19,4.658588,765.778868
1176,1479,585,2025-02-24,23.150481,997.316607
1177,988,7,2025-02-28,1.860230,3949.717040
1178,463,791,2025-04-09,6.593567,4742.854043
1179,1023,81,2025-03-31,17.734729,3872.010797
1180,823,867,2025-03-04,2.642762,1732.113459
1181,386,656,2025-03-03,18.686311,3718.025311
1182,973,436,2025-04-02,4.038009,824.497094
1183,1723,538,2025-02-13,14.413933,1019.535178
1184,699,805,2025-04-13,13.153413,4061.065725
1185,1366,849,2025-04-20,11.254035,1568.010176
1186,79,330,2025-03-06,19.727007,304.195778
1187,1513,451,2025-04-09,22.262105,1126.632983
1188,333,362,2025-03-18,7.566847,713.779384
1189,1503,232,2025-01-17,21.893217,76.554952
1190,740,217,2025-02-17,5.150732,2740.054978
1191,946,388,2025-02-10,17.354576,1214.566402
1192,310,335,2025-01-20,22.907639,2646.382217
1193,446,174,2025-03-03,13.800852,1659.141928
1194,774,606,2025-03-27,20.532028,3551.885242
1195,1231,766,2025-04-06,0.605976,1278.770189
1196,382,457,2025-02-02,14.404340,1831.795277
1197,527,198,2025-04-02,20.753435,2523.491306
1198,1292,960,2025-03-01,14.753374,1068.919457
1199,10,408,2025-01-14,1.530022,1874.035522
1200,876,658,2025-03-06,21.275735,4893.424436
1201,1281,369,2025-01-07,9.665847,88.751728
1202,601,394,2025-03-14,3.793859,3401.494601
1203,805,244,2025-04-21,7.570029,2140.461557
1204,108,103,2025-03-20,18.694040,1524.864381
1205,1679,116,2025-04-10,4.673514,441.420292
1206,576,387,2025-04-19,19.510952,221.800901
1207,617,707,2025-02-22,19.474840,2332.782396
1208,22,497,2025-01-11,7.867543,405.899150
1209,264,229,2025-02-04,15.637572,4890.051730
1210,1749,947,2025-03-13,20.778958,2950.975727
1211,625,796,2025-03-13,10.899638,1734.433266
1212,789,222,2025-04-24,10.531327,3211.340688
1213,600,768,2025-04-07,14.585715,4354.232874
1214,111,70,2025-03-18,17.778091,314.101199
1215,1453,241,2025-03-26,21.970570,4002.200676
1216,956,837,2025-03-05,5.606129,3671.381016
1217,1268,318,2025-02-19,4.840916,1618.051028
1218,1582,752,2025-04-07,19.643075,3878.155466
1219,776,305,2025-03-13,19.229561,2154.414074
1220,1350,187,2025-03-29,10.400971,521.716753
1221,1942,854,2025-03-09,6.297136,3715.345852
1222,373,159,2025-01-16,1.394240,4537.840269
1223,1701,17,2025-04-23,6.466017,107.639065
1224,267,435,2025-01-18,20.175028,2594.899381
1225,1195,78,2025-03-06,14.323764,2639.093150
1226,497,761,2025-03-08,3.388501,1838.578524
1227,57,288,2025-02-22,6.527716,2443.769581
1228,1513,125,2025-03-21,3.602569,71.323646
1229,190,770,2025-03-21,2.775543,246.568713
1230,22,22,2025-03-08,4.489408,2968.901013
1231,1781,317,2025-03-24,10.205111,4348.359081
1232,730,712,2025-02-08,7.157230,941.335905
1233,484,621,2025-04-23,2.493143,2375.418781
1234,1549,921,2025-02-09,18.386591,4587.379118
1235,1927,351,2025-01-09,21.537113,4722.370442
1236,432,893,2025-01-26,13.521977,2774.671583
1237,1774,124,2025-02-05,6.324993,1584.309075
1238,592,121,2025-01-27,15.005881,3003.955028
1239,8,422,2025-01-06,14.222208,4428.913189
1240,983,114,2025-03-06,8.282952,2841.081607
1241,1885,826,2025-03-29,10.984178,2547.134701
1242,1733,12,2025-01-15,11.986479,4929.803660
1243,1594,399,2025-04-24,20.736385,265.444499
1244,110,664,2025-03-22,4.074940,3598.844742
1245,1563,779,2025-01-19,16.547348,1721.362184
1246,774,599,2025-03-13,13.139990,4817.519275
1247,1084,506,2025-02-10,0.726050,4728.506325
1248,1424,504,2025-03-24,6.960264,1885.653418
1249,1877,408,2025-04-21,20.139075,1260.741928
1250,287,581,2025-03-14,7.589425,2768.108781
1251,428,40,2025-03-07,6.321574,1401.380617
1252,1166,775,2025-04-03,20.554750,4889.874038
1253,1240,907,2025-02-16,21.121734,3104.799765
1254,1932,823,2025-04-12,16.472035,516.813614
1255,543,479,2025-03-22,10.003519,3623.698047
1256,1217,854,2025-03-02,5.074604,2839.967468
1257,179,294,2025-01-13,20.297859,698.520692
1258,1505,410,2025-03-30,5.383363,4102.784913
1259,1183,816,2025-02-03,14.793915,116.655921
1260,265,99,2025-01-18,1.438612,3994.472183
1261,382,65,2025-02-14,13.006755,1662.313851
1262,1261,304,2025-04-23,2.416039,734.912559
1263,143,269,2025-01-12,8.860534,2116.723538
1264,670,522,2025-01-04,23.973099,243.894372
1265,1974,677,2025-02-11,11.376974,1041.977970
1266,1612,855,2025-02-24,4.971103,4927.189997
1267,931,674,2025-01-11,6.786822,3018.805034
1268,519,593,2025-03-09,14.547863,439.322837
1269,408,890,2025-03-24,18.104610,1424.468613
1270,68,235,2025-01-02,21.496480,2174.965298
1271,1638,801,2025-01-04,20.133499,4513.535090
1272,819,209,2025-02-09,1.669370,1042.727638
1273,1557,788,2025-01-05,16.461432,3270.383089
1274,849,95,2025-02-01,12.357859,4110.097728
1275,1447,849,2025-03-12,21.457316,2508.211781
1276,671,374,2025-02-15,13.828196,1225.535777
1277,399,362,2025-04-03,9.146095,85.220576
1278,998,796,2025-04-02,5.068911,3674.360001
1279,1593,653,2025-01-23,5.590908,554.360489
1280,1584,279,2025-02-10,3.942704,3208.781459
1281,1839,902,2025-03-26,20.455664,3404.236581
1282,64,902,2025-02-12,1.030357,1438.598428
1283,702,849,2025-01-19,2.319276,2697.978019
1284,1808,884,2025-03-04,6.740857,70.091671
1285,973,384,2025-03-14,20.703563,2371.178869
1286,1826,701,2025-03-21,21.969532,847.270146
1287,1497,319,2025-04-14,15.595686,3302.276179
1288,1471,271,2025-02-06,13.483341,1486.968771
1289,1287,434,2025-01-02,16.433290,710.045279
1290,1887,702,2025-02-07,7.392224,3800.999668
1291,144,20,2025-01-09,17.646038,2935.909185
1292,1617,45,2025-02-14,20.580240,2940.149658
1293,910,963,2025-02-18,4.700822,997.420690
1294,562,943,2025-02-01,21.027129,53.195646
1295,700,351,2025-01-04,7.576778,1905.769567
1296,1638,862,2025-04-12,1.951190,3327.440205
1297,310,517,2025-02-17,15.040446,788.327770
1298,1454,669,2025-01-19,2.258536,361.638494
1299,209,905,2025-03-31,23.436029,3499.517233
1300,1793,511,2025-02-16,19.367250,88.866641
1301,1871,192,2025-02-24,20.708403,3331.138308
1302,1518,162,2025-03-14,19.961475,489.738000
1303,1445,365,2025-03-05,15.583194,67.079615
1304,586,622,2025-03-28,2.032417,262.650866
1305,1266,184,2025-01-31,4.789926,4588.779332
1306,697,232,2025-02-07,4.830972,4543.174149
1307,82,994,2025-03-25,21.415624,1623.586138
1308,1910,10,2025-04-21,4.220418,4406.968481
1309,1315,232,2025-02-02,19.897171,2611.694365
1310,160,636,2025-02-28,23.325347,474.242961
1311,1718,475,2025-02-10,0.621975,3252.515350
1312,1635,154,2025-02-02,7.445428,3782.644796
1313,1480,229,2025-03-20,6.996728,3920.604584
1314,1311,703,2025-04-21,6.043632,320.956263
1315,504,966,2025-04-16,20.313212,2308.259288
1316,1856,730,2025-03-07,10.453306,3074.446210
1317,1783,426,2025-03-28,16.599698,3752.835456
1318,1526,198,2025-03-01,10.584969,769.598104
1319,568,889,2025-03-02,23.588135,4596.424819
1320,1193,485,2025-03-09,4.207898,4502.711997
1321,643,191,2025-04-11,8.684870,2711.401265
1322,281,675,2025-02-09,17.909178,2823.691944
1323,1117,368,2025-03-07,6.602558,1022.733913
1324,231,266,2025-03-28,14.739648,338.138413
1325,598,891,2025-03-07,9.969190,3227.116130
1326,152,970,2025-02-11,5.760506,1641.874646
1327,259,8,2025-02-13,8.490935,2117.045937
1328,1514,33,2025-03-04,17.387283,1520.561436
1329,1433,269,2025-04-14,7.164098,416.160479
1330,1126,975,2025-02-23,21.230011,2850.131809
1331,1033,971,2025-04-20,8.229149,3847.144664
1332,1142,520,2025-03-21,17.787130,4610.267626
1333,805,924,2025-03-30,7.530980,3974.753097
1334,163,239,2025-03-19,12.126163,2599.839940
1335,1297,986,2025-03-03,23.248443,4661.647730
1336,484,462,2025-03-21,20.116290,1332.633808
1337,1076,1,2025-01-15,6.848772,647.173265
1338,1923,149,2025-03-15,19.413333,1802.424626
1339,960,691,2025-02-26,13.559039,3043.763635
1340,1013,912,2025-03-22,13.890867,2686.817393
1341,977,17,2025-03-10,17.290477,28.062025
1342,975,737,2025-01-04,8.412366,2336.976027
1343,1865,685,2025-03-05,6.487910,3272.818198
1344,1622,197,2025-04-17,20.979981,4617.503656
1345,1576,951,2025-03-18,23.827940,4973.329886
1346,54,494,2025-01-30,20.981332,2158.715167
1347,1897,222,2025-04-23,5.803667,1363.431850
1348,1826,203,2025-02-10,4.972415,764.752707
1349,812,342,2025-01-05,1.345887,1698.425044
1350,1510,546,2025-03-16,19.908476,3596.581949
1351,564,262,2025-01-20,9.947285,253.976232
1352,311,45,2025-03-19,14.974609,4005.768025
1353,909,605,2025-04-18,2.608437,4030.067311
1354,1160,809,2025-03-26,13.969680,3369.572026
1355,345,89,2025-03-04,14.997888,3919.383996
1356,577,446,2025-01-15,6.884589,1120.723244
1357,293,131,2025-01-09,2.096830,3773.144779
1358,490,760,2025-03-27,23.870109,4554.590830
1359,1356,753,2025-01-04,5.450122,2569.458385
1360,880,24,2025-04-19,17.835221,948.715447
1361,1181,258,2025-04-10,13.611453,2135.923827
1362,129,878,2025-02-04,16.235456,3723.774667
1363,70,798,2025-01-23,2.603144,2894.768818
1364,1243,992,2025-01-06,21.154979,1473.349121
1365,878,247,2025-04-10,18.040489,2710.494960
1366,1100,819,2025-02-23,19.148155,2085.124583
1367,762,706,2025-04-20,21.609387,4509.474672
1368,367,794,2025-01-22,16.342325,2666.686298
1369,19,227,2025-01-11,9.456865,3592.336133
1370,929,482,2025-04-06,7.223649,1056.072247
1371,1415,742,2025-03-09,5.361306,4717.959479
1372,1275,195,2025-04-08,17.046798,2874.077029
1373,1124,867,2025-01-29,10.805753,2468.050714
1374,1855,683,2025-02-16,2.161095,912.745709
1375,1029,714,2025-01-12,23.800379,2390.900946
1376,438,888,2025-03-05,9.483047,4776.443686
1377,1922,706,2025-04-22,7.082732,3655.563561
1378,752,125,2025-03-04,7.837381,1498.511146
1379,1155,949,2025-02-24,16.106019,1134.182914
1380,1793,322,2025-03-30,6.545598,3748.653548
1381,1169,508,2025-03-24,11.030372,3765.850344
1382,314,841,2025-03-06,1.210535,932.939342
1383,1476,438,2025-04-09,21.106332,4148.038835
1384,1319,925,2025-04-21,10.549269,1732.478835
1385,935,703,2025-01-29,23.703518,471.443851
1386,958,505,2025-02-10,6.076572,783.106912
1387,565,124,2025-03-09,5.531758,2600.700021
1388,1243,306,2025-03-14,22.700823,2454.014787
1389,647,468,2025-01-12,20.763871,1008.404944
1390,1973,549,2025-02-21,11.906745,3794.855864
1391,526,187,2025-02-20,17.238487,1254.493378
1392,1301,820,2025-02-20,3.076559,1804.365526
1393,25,671,2025-02-23,4.733400,882.557458
1394,1748,383,2025-02-24,10.235803,1415.376462
1395,766,99,2025-02-28,23.664277,4310.841684
1396,1065,288,2025-02-19,19.039074,1989.454325
1397,675,535,2025-02-04,11.322537,449.716352
1398,1152,373,2025-01-24,13.287171,859.911073
1399,1630,71,2025-01-02,22.428383,1121.015839
1400,969,159,2025-04-15,9.538416,2681.244619
1401,234,525,2025-03-26,2.543643,1435.872024
1402,808,889,2025-03-06,18.714989,3849.220165
1403,868,496,2025-03-07,3.532669,3986.495725
1404,1080,877,2025-01-30,20.600947,3223.836422
1405,961,193,2025-02-23,21.066588,257.130764
1406,851,451,2025-03-09,9.716998,3483.272260
1407,275,83,2025-01-18,15.791291,1946.043421
1408,1203,664,2025-04-13,4.339601,1334.878171
1409,1321,604,2025-02-16,2.495405,3522.943548
1410,1154,204,2025-03-24,8.813132,151.223674
1411,483,869,2025-04-09,15.157362,3015.920299
1412,1182,127,2025-03-17,9.314654,2340.184701
1413,91,607,2025-01-05,15.521941,4076.308040
1414,85,295,2025-04-09,7.707575,4241.071431
1415,1127,497,2025-04-02,19.952550,4383.301334
1416,1053,329,2025-03-08,9.881628,1079.030835
1417,653,439,2025-01-28,11.104825,2683.607160
1418,1666,167,2025-01-15,21.810761,4702.242631
1419,866,799,2025-04-20,21.398411,1112.230095
1420,1484,584,2025-03-15,12.551532,4547.937708
1421,735,2,2025-02-28,13.478482,4522.929927
1422,418,619,2025-02-27,18.558385,3406.399250
1423,1568,372,2025-01-10,14.062157,2774.224428
1424,595,27,2025-01-10,16.176334,674.728359
1425,1025,332,2025-04-01,9.650065,206.090101
1426,1174,929,2025-02-14,15.563725,768.180180
1427,63,45,2025-04-01,12.059212,2118.955254
1428,530,658,2025-01-23,6.731685,2203.163490
1429,1679,892,2025-04-15,5.753390,4180.329168
1430,1262,951,2025-01-03,3.092026,205.419872
1431,1646,229,2025-04-11,5.092627,2740.501196
1432,949,297,2025-04-09,10.674838,4246.773248
1433,1737,196,2025-03-16,16.402956,4367.832068
1434,407,949,2025-03-19,20.695261,28.923284
1435,1138,124,2025-03-14,20.449598,1808.674950
1436,1922,812,2025-04-17,22.462382,4676.930758
1437,1146,523,2025-03-16,8.710119,992.378958
1438,1269,484,2025-02-27,0.939746,2819.844280
1439,715,985,2025-03-17,4.576405,2419.543500
1440,580,828,2025-02-04,13.282331,4377.867881
1441,570,381,2025-01-20,18.872613,3464.498706
1442,1873,723,2025-04-03,4.460550,4207.520165
1443,1362,686,2025-02-01,13.083941,3487.439533
1444,1187,300,2025-01-10,16.279982,3418.728626
1445,904,334,2025-03-02,9.261445,2543.674886
1446,445,24,2025-04-02,22.800714,1649.396479
1447,708,972,2025-02-24,11.434862,4459.638849
1448,567,436,2025-03-28,6.841360,2341.126779
1449,457,307,2025-03-26,19.920350,58.216789
1450,1672,491,2025-01-06,2.782914,1585.541141
1451,26,197,2025-01-26,8.403208,3442.293972
1452,1653,946,2025-01-20,7.308170,1480.240256
1453,779,68,2025-02-02,19.310228,1267.403026
1454,1652,694,2025-03-10,20.753755,667.933784
1455,1438,266,2025-04-24,7.303888,1355.805913
1456,1844,713,2025-03-12,19.110387,3244.425874
1457,709,761,2025-01-20,13.974986,3221.573368
1458,203,427,2025-04-11,6.491896,3390.492927
1459,531,738,2025-02-14,6.920661,3796.276496
1460,1551,393,2025-03-26,18.182142,2063.008076
1461,812,652,2025-04-21,9.910324,320.656973
1462,1421,143,2025-04-10,8.524851,4739.203225
1463,1517,799,2025-03-12,19.731727,2657.343620
1464,905,503,2025-03-20,4.687717,454.072097
1465,1019,148,2025-01-12,5.613205,587.753669
1466,1959,951,2025-03-24,9.799144,2621.572104
1467,672,949,2025-01-23,6.595265,2651.856214
1468,1947,929,2025-01-11,23.737036,114.978773
1469,1238,490,2025-02-04,7.486214,3083.743467
1470,1989,360,2025-03-24,15.542045,2977.027008
1471,1386,74,2025-03-05,19.840615,925.351125
1472,730,202,2025-03-13,23.496459,1046.860902
1473,1797,489,2025-01-12,1.861154,4029.118768
1474,1974,79,2025-01-29,14.945595,2058.718192
1475,928,758,2025-01-24,22.789467,3912.222244
1476,962,747,2025-02-10,21.947592,1988.770923
1477,1729,983,2025-01-08,5.161162,3862.481171
1478,1085,948,2025-04-09,9.631636,4900.783566
1479,12,870,2025-03-29,12.170804,4338.821660
1480,438,950,2025-04-04,18.051243,1175.221992
1481,327,117,2025-04-12,15.407502,457.600468
1482,1761,918,2025-01-07,18.006832,1997.924366
1483,1457,229,2025-03-26,23.782426,4913.126931
1484,414,495,2025-03-28,1.130515,4688.212825
1485,1933,837,2025-02-18,1.342004,2178.552058
1486,1548,424,2025-03-31,16.682948,4787.228302
1487,1452,477,2025-03-20,18.527467,3463.778917
1488,549,155,2025-01-20,8.841152,3152.591531
1489,1810,207,2025-01-30,16.323483,3233.765481
1490,895,75,2025-04-11,19.377993,1560.475425
1491,1734,279,2025-02-03,22.287374,4703.892901
1492,918,118,2025-02-01,5.904392,575.683697
1493,1492,111,2025-02-12,15.520400,4657.706975
1494,124,543,2025-01-07,11.537559,2334.617552
1495,1876,54,2025-01-27,12.802140,1166.033725
1496,1265,316,2025-01-22,11.674323,2709.087822
1497,1132,541,2025-04-12,8.560817,3186.609264
1498,1276,262,2025-02-10,4.867925,425.640107
1499,1617,22,2025-04-07,21.830468,3894.401379
1500,644,386,2025-01-07,18.546664,4653.122589
1501,86,83,2025-04-21,15.809947,2203.042710
1502,100,540,2025-03-24,17.671304,2531.363565
1503,355,686,2025-02-16,6.970760,2664.799775
1504,1137,834,2025-03-21,13.977808,4851.151232
1505,431,168,2025-01-17,5.821799,4494.111007
1506,1393,660,2025-04-03,5.889078,859.202472
1507,1012,471,2025-01-15,17.517009,2519.381756
1508,957,557,2025-01-27,11.507304,2436.621180
1509,1005,83,2025-03-15,15.757546,363.001912
1510,1230,113,2025-03-16,23.953758,3130.604702
1511,1931,348,2025-02-08,15.816250,4227.434213
1512,250,724,2025-04-05,2.682578,4959.174792
1513,100,566,2025-02-07,16.697761,4603.999594
1514,1386,759,2025-03-18,0.671470,3213.907453
1515,225,814,2025-01-16,4.513656,4302.002559
1516,444,114,2025-04-21,23.949332,2556.114617
1517,463,823,2025-01-27,10.403572,4841.041649
1518,470,615,2025-01-22,13.758823,923.583671
1519,357,176,2025-03-10,8.054223,1683.091908
1520,524,397,2025-04-11,16.777771,1826.777522
1521,1972,772,2025-02-24,23.047577,4650.673513
1522,1973,695,2025-03-28,13.720879,525.470118
1523,477,594,2025-02-19,5.063148,3837.097386
1524,427,764,2025-02-09,19.894749,2843.834126
1525,96,248,2025-01-31,12.663423,4813.983078
1526,1358,176,2025-01-09,15.425005,580.418019
1527,1908,574,2025-03-21,9.603221,2031.169593
1528,1237,174,2025-03-30,0.868402,3623.913365
1529,445,603,2025-03-26,3.778251,4825.501367
1530,202,564,2025-03-07,6.951303,4102.085751
1531,264,834,2025-02-03,17.534817,3714.082954
1532,131,910,2025-04-18,1.308394,4359.388271
1533,1810,23,2025-02-09,16.168782,1939.751675
1534,341,582,2025-01-04,9.352762,1708.120996
1535,666,579,2025-02-06,9.990758,2608.615821
1536,1328,173,2025-03-13,11.279089,2051.564740
1537,640,437,2025-03-31,7.220659,2826.413783
1538,1273,555,2025-01-08,15.429634,728.561687
1539,1001,469,2025-04-19,13.099545,2910.337474
1540,1683,392,2025-01-30,9.113924,4955.713810
1541,304,942,2025-02-26,15.968123,905.446660
1542,272,133,2025-01-19,18.337402,114.191219
1543,133,834,2025-04-03,13.130827,2997.544404
1544,1364,672,2025-01-15,11.277283,3358.351324
1545,148,260,2025-03-10,9.221058,4219.442380
1546,1290,78,2025-02-27,3.634700,1696.623786
1547,803,170,2025-01-19,10.585354,4883.830473
1548,1717,124,2025-04-12,21.734682,2189.458989
1549,681,878,2025-03-21,1.841548,4976.312063
1550,473,521,2025-01-29,3.923004,4153.956589
1551,1870,746,2025-02-10,4.882319,3223.678501
1552,68,913,2025-01-29,19.791715,2193.353800
1553,1528,859,2025-01-16,0.702470,2204.073102
1554,479,512,2025-01-27,16.972862,2035.915860
1555,1556,212,2025-03-15,5.665123,1913.175725
1556,180,801,2025-01-27,19.882450,953.981734
1557,1695,557,2025-02-09,22.364542,4407.775917
1558,620,885,2025-02-28,12.611042,3188.594649
1559,239,933,2025-01-26,9.799588,922.740698
1560,1886,37,2025-01-31,6.859174,1853.932630
1561,1611,422,2025-01-09,5.905889,1918.041104
1562,1335,402,2025-03-15,11.036205,1090.374930
1563,552,587,2025-01-30,9.556280,1975.146646
1564,84,191,2025-02-26,16.544132,2359.539008
1565,716,684,2025-02-13,23.721902,4685.217813
1566,1459,565,2025-03-29,22.048674,87.628058
1567,741,549,2025-03-02,2.803521,2285.546428
1568,1207,148,2025-01-28,1.531468,146.073573
1569,627,467,2025-03-03,5.798632,4627.792131
1570,895,99,2025-01-04,14.026178,3262.637503
1571,1837,133,2025-01-20,21.077341,1781.125875
1572,1903,895,2025-02-12,7.702435,1624.065806
1573,1179,60,2025-04-06,20.437796,1168.668772
1574,1616,55,2025-01-01,12.734631,379.257146
1575,1932,625,2025-04-03,17.193522,3842.775815
1576,736,22,2025-02-07,16.143006,1944.270800
1577,40,408,2025-03-30,13.941500,186.398745
1578,1023,572,2025-01-18,8.420055,3416.411970
1579,1267,293,2025-03-14,7.173351,4675.648429
1580,387,45,2025-04-23,9.249380,4963.152112
1581,1496,678,2025-01-30,4.754968,1473.218740
1582,849,829,2025-04-11,3.054804,663.321238
1583,617,621,2025-03-06,5.447135,3912.685963
1584,1243,286,2025-01-12,8.171352,4929.390695
1585,707,307,2025-04-03,9.410612,498.105347
1586,426,134,2025-01-19,17.870751,2380.848873
1587,167,51,2025-03-02,14.497102,2525.950261
1588,1508,180,2025-01-14,22.398309,4082.874119
1589,475,27,2025-01-21,10.292391,1765.792545
1590,772,548,2025-01-05,13.505397,3714.621123
1591,803,434,2025-04-04,2.800191,3501.229829
1592,1696,681,2025-04-15,8.502550,88.559964
1593,1109,782,2025-01-29,13.417545,4721.517500
1594,654,56,2025-02-04,20.765133,2476.219984
1595,1824,926,2025-04-03,9.208200,4576.761003
1596,975,406,2025-04-22,7.084540,2987.378692
1597,1617,44,2025-01-18,19.659083,3518.011868
1598,581,17,2025-04-07,12.605302,2091.463463
1599,1806,608,2025-03-17,5.187555,1704.710769
1600,1816,985,2025-02-17,9.279896,4859.882159
1601,1974,461,2025-02-08,23.668546,1157.572844
1602,1572,995,2025-03-26,6.457503,1915.994408
1603,902,802,2025-03-03,5.277968,505.479153
1604,1879,813,2025-03-22,21.569700,4159.031681
1605,1465,178,2025-02-20,2.560094,846.709988
1606,1676,759,2025-03-27,13.142657,3982.429098
1607,393,302,2025-01-03,11.578965,1786.788625
1608,1157,29,2025-02-21,18.481052,1350.137208
1609,1897,767,2025-04-04,15.649173,759.180527
1610,1221,771,2025-02-19,13.807261,1021.458234
1611,88,52,2025-01-11,20.358587,1988.252741
1612,855,825,2025-01-05,14.341769,1748.029725
1613,1767,83,2025-03-20,15.536590,67.646330
1614,346,144,2025-01-26,23.646718,4054.554677
1615,1090,437,2025-01-04,20.070882,2247.321297
1616,1449,329,2025-01-02,6.867787,2821.226938
1617,1504,862,2025-04-23,19.708009,4993.061938
1618,1441,891,2025-03-31,2.798647,802.938381
1619,1603,840,2025-02-12,5.450969,908.838257
1620,1865,811,2025-02-25,16.087762,2963.528491
1621,1894,459,2025-03-01,22.130791,3678.585915
1622,620,677,2025-01-17,16.430561,4177.369689
1623,1072,892,2025-02-19,21.707476,2194.898924
1624,1603,841,2025-04-04,20.603848,3660.108972
1625,1284,318,2025-02-17,10.873901,4228.618114
1626,1343,885,2025-04-10,2.004234,42.195381
1627,240,251,2025-04-08,9.743178,768.021529
1628,447,265,2025-01-23,20.836544,2477.508288
1629,1189,692,2025-02-20,23.186755,1131.477326
1630,497,483,2025-01-25,5.529604,789.759856
1631,471,302,2025-04-23,12.187082,3693.762809
1632,1316,956,2025-03-17,22.630319,886.823103
1633,1886,673,2025-01-04,3.427732,4237.688841
1634,1176,875,2025-01-11,4.737090,4602.758671
1635,57,606,2025-04-07,17.488068,2292.601148
1636,1751,187,2025-04-11,11.712522,1302.795927
1637,990,201,2025-02-27,15.584583,1213.700137
1638,1746,238,2025-04-08,20.757060,156.789649
1639,1123,968,2025-02-20,9.327722,1422.578262
1640,1982,256,2025-01-08,2.049201,4472.369269
1641,1778,977,2025-04-22,6.920582,120.427325
1642,878,552,2025-01-12,16.890348,3637.376013
1643,1102,256,2025-02-04,8.545726,4278.080714
1644,799,483,2025-03-07,1.237308,157.681639
1645,1973,975,2025-01-18,15.123449,2222.842300
1646,796,425,2025-01-10,19.763169,221.066025
1647,1293,893,2025-04-01,21.979070,2583.297449
1648,1803,497,2025-02-19,1.450325,1498.440701
1649,1142,643,2025-02-23,7.098617,4160.345658
1650,1593,456,2025-02-07,8.545863,3711.442372
1651,74,872,2025-04-12,1.844468,4977.475153
1652,1704,240,2025-02-04,12.532373,2306.337654
1653,1311,26,2025-03-31,5.872265,2727.431372
1654,1639,579,2025-02-18,23.986616,3678.133957
1655,1525,623,2025-04-11,15.050529,1476.541591
1656,49,584,2025-02-11,5.328089,2426.264870
1657,1817,939,2025-01-30,19.444122,4508.706923
1658,1989,395,2025-02-05,5.334490,3655.997221
1659,870,232,2025-01-28,7.596549,4451.178277
1660,1928,934,2025-03-20,22.665858,4700.325816
1661,1332,760,2025-03-03,11.578631,4433.281812
1662,1884,688,2025-04-18,7.874558,2809.340741
1663,845,6,2025-04-08,2.191117,4594.548732
1664,434,116,2025-02-11,16.082112,4320.148802
1665,53,449,2025-01-27,2.593024,88.297511
1666,759,377,2025-02-25,1.581098,3301.761937
1667,1082,647,2025-02-16,23.582242,669.902369
1668,1365,52,2025-04-06,19.304764,1549.841893
1669,511,296,2025-03-30,11.329021,4871.105362
1670,311,119,2025-03-12,1.889153,2077.092099
1671,748,625,2025-03-26,4.042191,1545.004109
1672,337,572,2025-04-24,23.673000,4687.328820
1673,294,667,2025-01-09,19.740688,4845.633743
1674,730,388,2025-04-02,10.049303,1018.362526
1675,924,451,2025-03-19,4.654182,972.643664
1676,1169,613,2025-02-26,19.161257,115.126337
1677,1633,686,2025-01-14,2.449344,2422.289413
1678,793,565,2025-03-11,9.194850,3953.254243
1679,1427,404,2025-01-20,15.893812,4668.572146
1680,315,689,2025-03-15,6.158438,1658.868401
1681,179,887,2025-01-23,4.171028,847.639264
1682,1265,466,2025-03-27,8.950841,1393.538265
1683,920,238,2025-03-28,23.405221,4505.117304
1684,1100,729,2025-02-06,1.281838,432.595097
1685,408,541,2025-04-11,9.850031,224.431692
1686,500,546,2025-02-07,18.705998,4516.247598
1687,412,930,2025-01-15,1.800244,1667.019354
1688,153,251,2025-03-17,16.124134,3308.855650
1689,169,468,2025-04-11,5.538490,1209.852480
1690,396,861,2025-04-10,8.523321,2856.899246
1691,1486,335,2025-01-19,16.403046,1153.930287
1692,644,58,2025-04-13,5.613530,734.129581
1693,617,501,2025-01-12,9.089019,3925.850236
1694,62,751,2025-03-12,3.448330,3672.107621
1695,134,430,2025-02-28,21.150228,524.012838
1696,1661,190,2025-01-27,8.309641,523.163158
1697,1208,806,2025-02-28,11.924475,221.237893
1698,573,871,2025-01-21,8.624400,254.212383
1699,170,457,2025-04-24,16.259364,2860.235310
1700,1134,18,2025-03-02,22.270322,1309.342421
1701,1997,893,2025-03-13,15.935540,3414.854800
1702,337,971,2025-03-03,16.511317,2477.640322
1703,817,353,2025-03-13,5.505140,472.247363
1704,1616,230,2025-02-25,10.955837,435.271807
1705,1865,355,2025-01-21,16.476981,2740.096131
1706,1571,966,2025-03-11,3.066017,1952.017036
1707,1105,312,2025-03-30,22.707537,4569.832373
1708,1569,774,2025-01-26,19.453171,137.835652
1709,1277,424,2025-04-10,21.288645,4342.725069
1710,209,672,2025-02-09,6.507837,180.894428
1711,1040,919,2025-03-07,12.893655,3625.076463
1712,574,496,2025-01-28,19.746596,2318.322579
1713,911,994,2025-02-25,16.872239,2682.593086
1714,1753,587,2025-01-27,6.216775,831.220712
1715,1194,596,2025-01-26,21.720917,652.877733
1716,1212,294,2025-04-17,6.413266,4763.942448
1717,1718,518,2025-03-17,19.195895,572.060366
1718,1835,529,2025-03-05,4.328135,1746.875666
1719,148,605,2025-03-01,17.654902,2864.045249
1720,166,170,2025-03-26,23.208593,4583.181893
1721,694,345,2025-01-23,0.575728,3203.272215
1722,1695,90,2025-02-05,22.409295,4180.349604
1723,794,530,2025-01-22,0.701089,3650.370156
1724,1290,469,2025-03-29,15.370112,90.631536
1725,626,529,2025-02-14,4.973674,2608.910103
1726,1330,420,2025-03-03,7.364028,3217.782813
1727,1322,367,2025-01-27,17.243955,1083.507561
1728,33,198,2025-03-22,2.280652,4881.424288
1729,1712,423,2025-02-07,4.144548,2980.040567
1730,968,137,2025-02-18,18.032032,1178.833184
1731,520,275,2025-04-23,17.861122,3270.731890
1732,1316,832,2025-04-06,7.420876,4724.491231
1733,517,665,2025-02-07,15.994901,3456.266831
1734,1301,843,2025-04-17,20.904448,555.874811
1735,40,394,2025-03-09,10.143800,2750.329582
1736,1493,206,2025-01-31,13.574462,2308.406188
1737,467,527,2025-02-28,8.462506,2790.943043
1738,724,334,2025-02-10,19.415534,3907.842943
1739,1714,818,2025-03-25,20.070122,3710.032719
1740,889,180,2025-03-19,10.817564,566.790886
1741,844,358,2025-01-01,11.735766,1762.664745
1742,1744,194,2025-01-08,2.396160,3030.451127
1743,739,615,2025-03-10,17.649144,1801.301117
1744,1269,676,2025-03-27,13.482293,835.278482
1745,1030,552,2025-04-01,15.465523,2594.432710
1746,1927,162,2025-04-18,19.384488,2370.613725
1747,585,138,2025-04-03,11.101882,3008.115774
1748,1153,112,2025-01-16,21.316287,2994.307213
1749,1734,965,2025-04-08,11.569480,2897.730483
1750,7,780,2025-01-16,4.576772,981.177000
1751,871,933,2025-03-05,20.504316,3493.528007
1752,493,711,2025-04-07,17.407219,420.205574
1753,1232,706,2025-01-11,9.779214,3680.309005
1754,315,469,2025-04-19,2.316819,2155.112844
1755,1987,902,2025-03-18,13.970641,1365.511088
1756,851,167,2025-03-26,5.067151,3944.762086
1757,1261,794,2025-03-19,2.681597,326.146927
1758,989,431,2025-03-07,2.411813,885.941936
1759,1219,569,2025-04-17,1.980711,3756.706108
1760,1448,854,2025-02-25,11.474922,2874.207225
1761,1647,281,2025-02-04,23.469889,4957.221571
1762,1205,60,2025-02-10,2.485607,1286.634735
1763,1023,166,2025-03-23,15.356865,4709.584199
1764,1630,286,2025-04-04,16.601432,647.842939
1765,1721,854,2025-03-16,8.871625,1985.988277
1766,391,606,2025-01-13,14.242102,4053.861268
1767,911,403,2025-01-22,19.365568,4386.987492
1768,1271,597,2025-01-23,8.303749,169.446259
1769,1935,835,2025-01-28,9.745053,3917.275255
1770,302,254,2025-01-08,0.554421,3077.378929
1771,1988,995,2025-01-06,8.848947,3163.318854
1772,494,71,2025-03-26,6.531076,4304.176097
1773,1005,51,2025-01-09,5.150700,803.784336
1774,606,346,2025-01-30,23.993953,1976.914562
1775,853,215,2025-02-04,14.344394,3414.125181
1776,1467,595,2025-01-26,0.674001,1551.141208
1777,1895,329,2025-01-12,22.893223,2160.709471
1778,1658,559,2025-02-07,6.509529,1720.800979
1779,223,841,2025-04-06,9.148440,4903.970455
1780,1046,202,2025-02-01,7.296684,4094.912198
1781,252,208,2025-03-03,14.035755,4865.715759
1782,803,852,2025-02-18,10.630563,1974.102290
1783,1930,634,2025-04-16,23.131285,3283.273553
1784,669,148,2025-04-16,10.985550,3267.598823
1785,1598,518,2025-04-23,16.065633,4604.752312
1786,1005,848,2025-03-31,15.048939,4537.335331
1787,1445,493,2025-03-14,22.279404,1364.928365
1788,1930,57,2025-03-24,20.077591,4630.934390
1789,1336,968,2025-03-20,17.480717,3529.587326
1790,1041,827,2025-02-01,15.939072,3354.368611
1791,176,820,2025-01-27,23.949874,165.841536
1792,1217,442,2025-01-22,21.687075,257.418351
1793,1501,538,2025-04-22,17.177541,113.088844
1794,1367,444,2025-01-26,21.875864,3872.951873
1795,1257,484,2025-02-02,21.412955,1568.327306
1796,879,410,2025-02-18,0.851008,4545.989641
1797,1462,118,2025-02-16,4.041697,606.432472
1798,1620,484,2025-01-15,14.961205,1810.757436
1799,565,378,2025-03-11,12.208835,914.701758
1800,430,431,2025-04-22,6.208404,658.822991
1801,45,266,2025-03-28,9.095354,1933.440499
1802,124,644,2025-04-23,16.366280,1870.009842
1803,1753,791,2025-03-08,3.775848,1884.608932
1804,1856,792,2025-03-27,1.014292,4656.489153
1805,630,402,2025-03-28,7.048627,4592.182530
1806,63,473,2025-02-14,7.121729,3444.305479
1807,118,923,2025-02-01,19.362801,4315.028090
1808,1807,169,2025-03-23,14.107253,3281.962518
1809,81,626,2025-02-12,19.272285,919.106880
1810,993,455,2025-01-09,20.065256,322.841291
1811,1515,421,2025-02-04,13.343067,1531.201067
1812,1731,597,2025-01-02,3.393868,4500.324240
1813,1963,960,2025-01-01,10.354979,4109.995230
1814,1126,774,2025-01-10,20.619745,398.516338
1815,586,74,2025-04-05,3.176569,1998.148843
1816,814,632,2025-03-17,2.551096,2180.175823
1817,1826,190,2025-04-19,9.741551,1617.025249
1818,1516,201,2025-04-04,8.101131,2558.457442
1819,1095,901,2025-01-12,14.464508,3475.699514
1820,1618,351,2025-03-16,12.647265,1241.349041
1821,1025,498,2025-03-03,21.197757,3372.558360
1822,135,55,2025-03-06,19.215465,2336.320527
1823,1570,353,2025-02-10,13.998419,2722.571896
1824,775,49,2025-02-15,18.480573,3735.680006
1825,364,800,2025-04-17,22.021122,68.653425
1826,1666,941,2025-04-24,13.291090,2205.581327
1827,390,339,2025-04-24,23.867036,2844.673145
1828,1452,775,2025-04-22,13.816368,4758.637826
1829,992,464,2025-04-13,23.181770,1729.004126
1830,1659,321,2025-01-16,10.608738,3816.394981
1831,1656,321,2025-03-25,17.128240,2532.606646
1832,167,289,2025-01-11,6.850395,1300.621599
1833,423,904,2025-01-22,22.437276,2336.327079
1834,1717,611,2025-02-20,16.961200,1580.401664
1835,593,316,2025-03-12,6.153023,2300.048870
1836,580,243,2025-04-04,9.571805,405.800231
1837,1530,517,2025-02-19,17.853333,4206.065939
1838,278,696,2025-01-19,19.164138,2869.106414
1839,887,212,2025-03-11,15.276957,3873.461596
1840,1391,499,2025-02-13,22.989915,3124.643946
1841,1043,7,2025-04-11,17.142169,68.718346
1842,1214,642,2025-02-17,1.845645,4057.741210
1843,1255,75,2025-04-15,2.358135,2701.990225
1844,1847,955,2025-02-23,10.736015,3387.792453
1845,551,223,2025-01-07,10.216754,1496.651248
1846,1657,360,2025-02-14,11.783141,65.161786
1847,1291,657,2025-01-02,2.619700,2017.346449
1848,144,582,2025-04-14,13.439538,1708.901366
1849,531,735,2025-03-16,18.396958,4427.739545
1850,656,686,2025-03-18,3.873025,2195.547989
1851,1622,56,2025-03-17,7.187691,1147.231223
1852,892,6,2025-01-13,8.540725,4134.263970
1853,761,34,2025-01-20,18.660600,4423.482224
1854,869,889,2025-02-17,10.085135,1230.701103
1855,305,65,2025-01-23,22.500336,1171.880201
1856,1386,864,2025-04-15,13.014311,602.858772
1857,1310,450,2025-01-03,12.240030,511.685384
1858,99,347,2025-01-27,10.332600,3529.662882
1859,359,113,2025-04-09,2.739700,3211.366626
1860,1381,758,2025-03-16,2.864928,282.484414
1861,836,23,2025-03-13,20.021862,4879.279595
1862,267,513,2025-03-17,1.265440,3928.718350
1863,683,630,2025-01-15,12.134784,93.135088
1864,160,124,2025-01-24,3.768039,3064.040907
1865,1330,307,2025-01-27,13.485337,3012.794130
1866,572,420,2025-01-22,6.480294,603.697114
1867,502,348,2025-03-26,0.671426,214.924263
1868,1543,249,2025-02-07,8.765563,4739.795194
1869,1015,550,2025-03-07,14.448353,2384.692757
1870,467,169,2025-01-06,3.942647,4168.146068
1871,1714,187,2025-01-08,19.674114,2376.796555
1872,246,272,2025-01-04,10.814124,4696.187166
1873,658,693,2025-01-31,9.122608,1854.935341
1874,1995,559,2025-03-03,20.640157,4959.388997
1875,134,771,2025-04-03,5.934863,88.890964
1876,1500,64,2025-01-20,13.975310,4986.386388
1877,1360,495,2025-02-11,1.227320,932.582313
1878,1372,690,2025-02-23,4.819821,518.354850
1879,80,330,2025-03-26,0.519064,3714.973856
1880,1384,438,2025-01-06,10.804852,4004.552581
1881,419,403,2025-04-12,15.006598,797.216934
1882,1089,345,2025-02-13,2.196680,4296.461879
1883,156,749,2025-04-10,11.963956,2631.217600
1884,1886,285,2025-01-23,20.452110,2311.664463
1885,243,184,2025-01-30,4.226790,4135.968377
1886,720,965,2025-03-08,2.319640,4914.413892
1887,836,929,2025-01-02,21.265010,3237.926649
1888,227,712,2025-01-02,8.150253,4352.517798
1889,798,477,2025-02-18,0.987600,3577.821025
1890,385,565,2025-01-24,13.278902,2685.702282
1891,1694,980,2025-01-11,4.228830,3978.959629
1892,179,221,2025-02-28,19.051560,3433.458172
1893,97,196,2025-03-02,4.626922,2585.611943
1894,65,33,2025-03-08,22.404124,11.589871
1895,128,902,2025-03-22,12.476763,2200.593444
1896,709,341,2025-01-21,16.580188,1005.669869
1897,1644,751,2025-02-06,8.405830,1048.482394
1898,293,347,2025-04-19,8.380865,728.001853
1899,623,784,2025-04-22,23.193472,1830.323193
1900,1173,393,2025-03-05,10.241660,3495.971916
1901,1151,172,2025-03-17,7.991730,4679.098722
1902,368,286,2025-02-20,6.519305,1522.320688
1903,353,677,2025-03-14,23.632372,1364.235835
1904,615,598,2025-02-19,18.295674,4552.773424
1905,1746,417,2025-04-22,7.678345,2778.464074
1906,910,97,2025-03-23,19.784819,815.004752
1907,168,140,2025-02-05,1.484602,457.671622
1908,1352,899,2025-01-18,3.813549,3580.648033
1909,1523,691,2025-04-12,18.771656,2029.154029
1910,1954,295,2025-03-17,4.306193,73.397789
1911,923,951,2025-01-19,17.361302,1216.342513
1912,334,627,2025-03-09,5.582301,2477.722177
1913,1405,294,2025-01-28,1.345272,3212.293242
1914,1745,441,2025-01-30,1.162366,2606.586611
1915,147,179,2025-02-19,20.260492,4873.691629
1916,820,665,2025-01-17,5.588673,3003.090155
1917,691,836,2025-01-25,8.509780,1325.558540
1918,1394,373,2025-03-21,20.712856,4547.893937
1919,1201,612,2025-03-07,7.725109,2454.198564
1920,1758,986,2025-01-19,8.631970,4084.402493
1921,1413,132,2025-03-30,1.854275,2876.414352
1922,1194,376,2025-03-05,21.466526,1566.679683
1923,78,799,2025-03-10,13.401406,2202.256998
1924,1214,466,2025-03-14,12.106505,4899.337987
1925,359,2,2025-04-15,19.604069,2258.719418
1926,207,503,2025-01-21,18.202629,1323.904672
1927,338,533,2025-03-26,9.033823,312.807996
1928,1081,384,2025-03-07,15.325345,2214.937597
1929,1882,282,2025-04-12,10.225416,3819.762723
1930,39,886,2025-02-18,13.588287,2607.771265
1931,1209,439,2025-04-15,21.254819,1274.196671
1932,1948,509,2025-03-30,20.034133,4693.012058
1933,1024,83,2025-01-18,1.999256,364.105854
1934,962,414,2025-04-08,20.828791,1751.922463
1935,562,539,2025-03-16,17.553045,1086.657816
1936,1834,489,2025-01-15,3.758973,832.204538
1937,239,792,2025-03-09,18.225641,1006.252856
1938,169,2,2025-01-15,16.904343,3716.392854
1939,1181,176,2025-01-22,23.153329,3196.049615
1940,39,677,2025-01-11,17.303074,2397.324054
1941,751,288,2025-03-30,9.190154,846.087909
1942,1315,213,2025-02-07,18.823262,747.796625
1943,1831,961,2025-03-25,12.830672,2551.307885
1944,305,936,2025-01-24,15.224306,1246.953653
1945,1224,664,2025-01-18,6.458321,2106.596849
1946,1141,448,2025-01-24,19.883514,229.140489
1947,769,137,2025-02-21,9.757004,3210.331455
1948,1946,668,2025-02-04,3.884619,3702.372862
1949,484,21,2025-01-19,13.485791,1353.233446
1950,857,801,2025-03-19,10.791597,3619.723823
1951,218,458,2025-01-04,5.280464,1552.420916
1952,1824,742,2025-02-16,9.905450,1246.353561
1953,128,534,2025-02-05,17.784111,1306.858512
1954,545,172,2025-04-01,6.264261,3160.103708
1955,568,525,2025-04-17,13.816421,734.991431
1956,511,562,2025-03-02,23.981353,1537.613064
1957,1502,572,2025-02-20,9.582590,13.925962
1958,1026,586,2025-03-05,5.129145,4056.635921
1959,1373,402,2025-01-31,18.406192,4869.686117
1960,1155,863,2025-01-26,8.152786,1532.971617
1961,922,975,2025-01-31,15.769879,2434.677256
1962,989,847,2025-02-03,23.602093,809.519579
1963,1754,607,2025-01-05,3.223807,2627.802600
1964,1328,873,2025-01-04,15.462614,4754.488275
1965,1020,164,2025-02-25,18.256801,2465.837343
1966,1645,85,2025-02-14,12.860586,825.691638
1967,1333,136,2025-01-13,23.900105,2628.813786
1968,1889,374,2025-04-01,18.110229,2316.407098
1969,536,611,2025-03-01,1.799308,1189.749802
1970,1419,262,2025-02-07,5.381565,4879.930220
1971,1487,156,2025-03-13,8.933268,4444.793180
1972,86,329,2025-02-24,21.937292,2582.125304
1973,358,60,2025-03-10,2.097809,4258.474912
1974,1267,451,2025-01-25,19.079019,4253.123114
1975,1969,147,2025-04-17,15.295234,2634.745644
1976,133,679,2025-03-12,16.676551,2155.961512
1977,1458,263,2025-04-20,19.846010,4486.078040
1978,1321,48,2025-03-02,8.123282,4254.419574
1979,614,645,2025-01-18,13.256272,2846.116858
1980,1875,609,2025-04-08,11.543927,732.372437
1981,1211,967,2025-04-09,23.826275,4447.875619
1982,270,500,2025-01-12,17.236819,1700.058597
1983,343,327,2025-03-25,13.334493,455.020962
1984,616,277,2025-01-14,16.554586,3910.771983
1985,810,810,2025-02-13,9.278520,1055.811440
1986,384,271,2025-04-03,18.524517,1494.999915
1987,1976,321,2025-01-01,21.696152,1015.597898
1988,98,85,2025-01-04,5.079486,936.505863
1989,321,733,2025-01-17,6.699201,113.462880
1990,1964,246,2025-01-24,11.797235,898.917505
1991,438,509,2025-02-28,4.345482,1642.480886
1992,995,421,2025-02-02,7.788718,328.167500
1993,446,713,2025-02-19,14.992116,4522.240523
1994,484,413,2025-01-17,21.437561,3460.025652
1995,1354,5,2025-01-14,18.154324,91.048039
1996,1154,932,2025-01-04,21.589551,4390.301439
1997,1968,765,2025-03-10,10.363551,482.945679
1998,422,988,2025-02-18,20.674402,2030.492670
1999,364,855,2025-03-18,10.158225,532.385010
2000,1680,548,2025-01-02,12.347664,105.584058
2001,1852,642,2025-04-11,14.800763,530.913513
2002,996,912,2025-04-20,15.792953,3526.398105
2003,489,631,2025-02-13,1.761371,437.864762
2004,178,878,2025-03-03,2.382951,2227.595458
2005,1516,413,2025-01-07,22.479408,1853.682082
2006,1264,608,2025-03-12,20.972767,4692.542440
2007,1395,900,2025-02-15,3.337257,3256.334538
2008,1124,560,2025-03-11,2.537419,1193.294299
2009,278,676,2025-01-11,7.138340,2356.170066
2010,977,670,2025-02-13,17.225012,3215.462782
2011,719,520,2025-01-30,10.730251,800.481531
2012,1819,350,2025-04-07,7.496842,3132.628332
2013,610,568,2025-01-22,20.023269,4435.303172
2014,1676,409,2025-03-16,13.186861,3551.870845
2015,1435,560,2025-03-26,17.813649,3427.292368
2016,807,374,2025-04-01,12.738339,3746.607462
2017,1453,629,2025-01-31,7.819755,504.547265
2018,1209,971,2025-03-15,23.604822,1291.227907
2019,1023,253,2025-01-28,22.545007,3359.349652
2020,647,247,2025-04-05,16.205081,3488.585089
2021,1385,104,2025-02-11,7.983880,2803.392847
2022,126,838,2025-02-02,22.794926,176.662124
2023,992,914,2025-03-04,3.667702,2073.260222
2024,1192,386,2025-04-18,21.462936,4905.703545
2025,1596,646,2025-03-26,0.851362,923.077912
2026,797,611,2025-03-09,17.052262,4636.445923
2027,1350,28,2025-03-19,19.954381,3927.301990
2028,23,17,2025-02-21,18.159942,2749.779044
2029,1553,644,2025-01-19,7.490851,687.052352
2030,397,599,2025-02-01,20.532280,4061.574719
2031,113,77,2025-02-14,9.818717,180.322152
2032,1213,531,2025-03-06,7.201645,506.655890
2033,1201,584,2025-04-12,17.131234,2110.714908
2034,1353,147,2025-04-09,14.665968,4153.348121
2035,80,849,2025-01-18,1.473548,660.215290
2036,1096,430,2025-01-30,1.791840,2600.124064
2037,1151,368,2025-01-28,12.331902,4770.376876
2038,1626,726,2025-03-31,14.741856,3055.984839
2039,952,732,2025-01-25,19.518410,3042.199366
2040,1831,939,2025-01-21,23.190424,2872.641292
2041,341,27,2025-01-14,13.970197,3915.447088
2042,580,592,2025-03-11,14.718697,4456.756340
2043,1468,841,2025-03-26,13.486901,1333.338870
2044,832,210,2025-01-25,9.758419,4768.145643
2045,447,369,2025-04-15,11.509441,3644.782846
2046,1213,685,2025-03-14,19.652957,1572.458477
2047,81,866,2025-02-19,10.330081,1631.708346
2048,274,962,2025-02-03,1.348055,1294.170679
2049,148,888,2025-03-11,16.325591,3198.443937
2050,162,793,2025-02-28,12.326168,3385.441445
2051,636,355,2025-04-21,20.915393,2451.817146
2052,1405,314,2025-03-02,13.275862,993.415236
2053,1122,958,2025-04-23,9.664552,3184.963575
2054,643,723,2025-04-04,21.853359,2167.482741
2055,683,186,2025-02-08,13.556961,4892.072762
2056,999,419,2025-01-29,16.249399,2531.424031
2057,1502,218,2025-02-23,14.762128,4093.628002
2058,1552,349,2025-03-10,17.118849,3448.749608
2059,1057,308,2025-04-01,8.646919,4333.311863
2060,1584,367,2025-02-06,3.801002,4761.201850
2061,114,25,2025-02-03,1.581524,226.780485
2062,255,151,2025-03-22,3.344550,3430.581475
2063,205,831,2025-03-22,2.166438,1878.395641
2064,1559,878,2025-03-04,6.601791,2909.058928
2065,1284,695,2025-04-15,3.088034,3854.086237
2066,261,807,2025-03-02,3.638464,3428.191439
2067,869,33,2025-02-05,5.919677,1886.923423
2068,1326,168,2025-03-29,11.616599,3394.886809
2069,385,92,2025-02-21,11.345104,1943.579835
2070,1532,660,2025-02-11,8.873173,4110.811652
2071,719,876,2025-01-23,20.109493,3695.110165
2072,156,251,2025-02-03,19.522839,480.456958
2073,1456,14,2025-02-04,2.135168,2524.757661
2074,524,159,2025-04-21,8.551290,924.687847
2075,496,672,2025-02-27,22.918828,2596.076740
2076,1911,574,2025-02-24,5.543043,3190.721225
2077,846,76,2025-03-01,23.814246,1301.881013
2078,1753,575,2025-04-04,14.779988,4333.584087
2079,1424,733,2025-01-20,19.692153,4902.150144
2080,1312,235,2025-04-01,10.003648,2226.609819
2081,918,383,2025-02-20,10.902429,786.961735
2082,1656,3,2025-02-27,8.542260,1368.823927
2083,1840,797,2025-03-13,19.822736,1815.818078
2084,119,368,2025-02-18,11.507918,2935.896009
2085,1589,193,2025-04-01,8.150005,3856.914009
2086,121,794,2025-02-28,12.117667,1638.381598
2087,942,300,2025-01-21,5.440951,3597.483096
2088,845,34,2025-02-24,13.541044,3935.886371
2089,1382,343,2025-02-08,10.608692,3267.872572
2090,748,949,2025-01-21,15.313652,1322.814949
2091,390,555,2025-04-02,0.915812,1049.454808
2092,1076,318,2025-03-04,5.125597,4747.289073
2093,1961,475,2025-03-23,7.417872,658.773770
2094,1916,746,2025-03-07,17.071838,703.156871
2095,1453,861,2025-02-03,10.602642,4009.913517
2096,1652,739,2025-03-20,10.023404,351.779482
2097,37,254,2025-02-15,4.165659,55.556054
2098,1507,793,2025-01-06,16.642388,3031.438488
2099,1401,15,2025-02-21,16.058796,844.195659
2100,1649,777,2025-01-26,6.648847,4962.448228
2101,1058,350,2025-03-21,8.922356,2981.295130
2102,16,268,2025-03-07,17.306242,3074.055628
2103,43,493,2025-03-31,9.187993,1850.743297
2104,360,681,2025-03-20,22.108607,3326.325643
2105,816,694,2025-01-19,23.258176,2901.648173
2106,33,925,2025-03-10,4.108964,3908.913706
2107,917,291,2025-03-26,19.367113,3478.903663
2108,336,125,2025-01-24,9.617234,4809.018311
2109,492,228,2025-03-23,20.894949,2966.645001
2110,1721,244,2025-04-19,6.473592,4970.834413
2111,1279,132,2025-02-25,20.617522,3976.933063
2112,450,495,2025-04-01,10.483434,4689.472627
2113,131,65,2025-01-27,5.197341,756.976587
2114,102,604,2025-02-13,13.550363,3615.765705
2115,1579,32,2025-04-18,19.288354,3458.699631
2116,1447,125,2025-03-26,3.972159,639.142246
2117,1202,744,2025-04-01,0.876041,1722.164082
2118,1632,574,2025-02-23,22.400064,4697.579017
2119,1403,615,2025-03-29,13.266309,723.050729
2120,679,781,2025-04-14,5.970931,3925.274674
2121,564,479,2025-03-17,18.523154,512.674696
2122,1665,615,2025-01-16,7.870363,4992.509392
2123,1535,586,2025-01-13,7.866987,764.322281
2124,186,224,2025-03-12,15.138351,2261.858507
2125,1477,528,2025-01-08,15.623245,4596.925427
2126,920,219,2025-03-16,8.344725,313.544072
2127,1259,207,2025-02-21,22.958948,2807.669789
2128,305,649,2025-03-08,16.255810,4271.098194
2129,356,376,2025-01-28,20.504921,1543.205700
2130,186,16,2025-04-22,5.864929,614.908216
2131,290,536,2025-03-28,7.206675,3756.318728
2132,924,319,2025-03-05,4.591182,3295.616839
2133,1265,963,2025-03-07,18.152156,1632.491280
2134,463,949,2025-03-12,23.013567,4675.591642
2135,1121,648,2025-02-09,23.047819,1996.722395
2136,1078,49,2025-02-23,23.410384,1992.008960
2137,981,27,2025-04-04,5.121414,4443.604082
2138,1792,701,2025-03-07,4.075421,2304.310636
2139,163,637,2025-04-19,6.510558,3553.393493
2140,1439,990,2025-03-28,18.838004,4816.998002
2141,1665,9,2025-03-23,14.872443,3868.207957
2142,701,449,2025-02-18,16.111613,2900.914514
2143,1508,409,2025-03-28,17.524843,2643.680143
2144,1250,92,2025-02-05,5.957333,63.568228
2145,1581,777,2025-04-09,21.071381,4405.576241
2146,692,790,2025-02-18,17.213273,4323.076461
2147,1216,657,2025-02-15,6.179761,3204.047564
2148,1909,556,2025-03-15,3.516116,2082.111769
2149,1951,785,2025-01-04,10.281394,3325.435709
2150,260,768,2025-04-07,19.341288,3260.631666
2151,296,445,2025-02-25,7.745707,1020.150628
2152,1909,664,2025-03-26,21.084588,481.617997
2153,496,53,2025-02-19,13.355257,3664.123048
2154,739,433,2025-03-28,9.783665,4960.842587
2155,781,816,2025-02-22,13.783619,4962.015492
2156,775,31,2025-01-17,17.952452,1385.403390
2157,1064,710,2025-03-15,19.073492,83.739313
2158,1281,991,2025-04-11,1.280056,4624.063766
2159,1094,910,2025-02-23,3.525730,3507.434949
2160,329,222,2025-01-04,18.221215,529.577931
2161,1719,698,2025-04-10,3.383414,1464.845858
2162,573,790,2025-03-03,18.736197,162.919959
2163,360,663,2025-01-03,21.448112,1926.434343
2164,1772,278,2025-03-11,23.413092,4759.419893
2165,42,812,2025-04-24,12.285946,2380.603216
2166,1310,652,2025-03-10,11.071710,2577.011471
2167,1518,784,2025-04-20,3.120523,4333.114328
2168,637,734,2025-02-18,4.530046,4106.460705
2169,389,597,2025-01-02,1.190019,963.585138
2170,1184,354,2025-01-10,14.601797,89.900852
2171,667,574,2025-03-31,1.625744,1300.792202
2172,126,151,2025-01-14,17.787128,2936.985545
2173,402,429,2025-02-19,12.615703,796.845008
2174,1410,630,2025-04-11,12.279257,4699.315861
2175,109,803,2025-02-25,23.049641,4256.100074
2176,1553,753,2025-03-22,14.300037,1645.777960
2177,141,609,2025-01-12,16.875326,1099.962028
2178,1871,437,2025-03-12,20.596344,4168.832313
2179,349,93,2025-02-21,10.447659,2894.174613
2180,1089,225,2025-01-21,1.787767,648.899870
2181,1724,457,2025-02-12,9.874981,1289.939117
2182,1381,613,2025-03-21,19.977320,3014.595650
2183,1761,173,2025-02-02,4.896871,4909.270625
2184,559,744,2025-01-20,9.279175,656.504482
2185,780,221,2025-03-31,14.152502,4282.930215
2186,929,402,2025-03-18,11.948121,3043.186855
2187,1987,208,2025-04-08,7.284008,3222.165863
2188,1565,587,2025-01-07,1.486566,1670.382971
2189,1424,123,2025-03-12,16.590732,4769.859161
2190,269,43,2025-02-23,20.267008,4910.601581
2191,1987,938,2025-02-26,21.751733,1831.092967
2192,61,385,2025-02-09,14.301708,3419.306310
2193,177,48,2025-01-06,21.426003,683.998642
2194,1786,611,2025-03-26,23.387417,3536.581819
2195,442,356,2025-03-19,16.301676,375.628662
2196,877,260,2025-01-03,0.575604,3139.099591
2197,1317,577,2025-04-05,8.550800,1473.049982
2198,1304,737,2025-01-02,16.761541,292.776618
2199,925,877,2025-02-15,21.459356,1078.253636
2200,802,195,2025-03-27,22.319816,2864.458463
2201,1271,419,2025-03-17,19.318953,1007.786575
2202,250,989,2025-01-09,12.216260,4735.238253
2203,1605,1,2025-04-02,17.865265,3138.062201
2204,480,508,2025-03-11,14.739611,2100.667248
2205,1210,106,2025-03-15,21.654135,656.723383
2206,1388,483,2025-02-28,16.173564,2097.814892
2207,1305,706,2025-02-15,20.598427,2367.255058
2208,1761,107,2025-03-29,23.382245,2631.762400
2209,1724,265,2025-02-11,18.942193,3809.288817
2210,312,512,2025-03-22,3.504905,648.742162
2211,1563,227,2025-04-07,15.051870,3924.313707
2212,1684,168,2025-01-24,5.764070,3307.774420
2213,1172,13,2025-02-05,18.951367,382.319691
2214,1609,149,2025-01-06,6.793322,413.075690
2215,394,162,2025-03-17,19.971976,3446.211242
2216,1083,4,2025-01-07,20.277606,4719.064305
2217,1507,718,2025-01-20,7.825000,4803.214115
2218,508,868,2025-01-14,17.623579,199.990194
2219,1760,430,2025-02-24,20.690874,2347.475527
2220,487,274,2025-04-08,15.476095,1894.329024
2221,1859,948,2025-03-01,14.603134,848.560680
2222,980,976,2025-01-22,10.962798,1175.798092
2223,823,183,2025-02-21,19.438650,4637.490259
2224,1314,934,2025-03-22,15.580670,4544.897885
2225,1160,21,2025-04-13,21.528202,4459.473483
2226,590,93,2025-01-14,17.262786,3621.219500
2227,1731,899,2025-03-15,7.991406,2625.468668
2228,186,967,2025-01-02,5.520821,1989.237626
2229,1753,482,2025-02-08,7.996686,283.016386
2230,200,634,2025-04-21,1.936611,2956.357414
2231,1996,422,2025-04-08,16.957600,2353.815039
2232,1637,61,2025-03-18,21.696121,593.836831
2233,1837,208,2025-03-31,11.663113,3291.588746
2234,1239,699,2025-01-02,17.895748,943.331449
2235,414,443,2025-03-08,16.070428,2493.449466
2236,114,820,2025-03-18,10.456275,1459.842395
2237,1925,912,2025-03-02,21.095874,3618.598676
2238,716,740,2025-01-29,14.224562,326.279988
2239,458,682,2025-02-13,1.411871,4584.090157
2240,1183,20,2025-04-09,14.482241,3219.213248
2241,1351,758,2025-03-01,4.574946,1748.914218
2242,1431,516,2025-04-06,22.175721,4565.069798
2243,481,337,2025-04-14,21.098220,2828.961812
2244,1159,302,2025-04-09,7.603183,3013.242921
2245,1871,326,2025-04-06,13.265453,3740.288556
2246,1741,537,2025-02-26,17.537914,4274.136914
2247,613,312,2025-03-05,12.426063,1215.070610
2248,1257,125,2025-02-18,8.421545,1009.002721
2249,450,997,2025-01-13,19.105629,1421.060083
2250,313,92,2025-03-28,9.682505,4641.622220
2251,1129,325,2025-02-06,8.986941,4774.431584
2252,1714,190,2025-02-12,12.542656,3184.519712
2253,675,993,2025-03-07,7.162110,1539.374427
2254,844,9,2025-03-15,2.810050,1253.220169
2255,755,75,2025-01-29,11.539074,4352.937044
2256,1660,966,2025-03-15,11.167107,1977.732555
2257,188,36,2025-01-07,2.377011,1201.886620
2258,367,54,2025-03-25,10.096543,3371.879695
2259,436,381,2025-02-27,6.034731,4273.862645
2260,1384,242,2025-03-02,0.606504,2646.640262
2261,276,695,2025-02-11,11.650777,3429.877849
2262,325,31,2025-03-16,4.761883,3716.401652
2263,1200,522,2025-02-27,2.071377,673.297948
2264,682,469,2025-04-19,4.022436,375.421185
2265,613,157,2025-02-21,7.016234,3038.026513
2266,857,633,2025-01-02,19.681115,3659.056742
2267,749,259,2025-03-04,16.953921,4692.646634
2268,221,435,2025-04-05,14.014823,1967.689336
2269,982,177,2025-01-15,13.117911,4428.902838
2270,1050,412,2025-01-17,0.887061,1541.403545
2271,1465,145,2025-02-01,16.936640,2388.674500
2272,1225,159,2025-03-02,2.497522,1840.622717
2273,1549,779,2025-01-10,17.560966,1517.366424
2274,685,487,2025-03-31,15.969762,3179.928221
2275,762,891,2025-02-28,6.869136,1396.123847
2276,223,361,2025-01-23,17.374323,322.896166
2277,1414,340,2025-04-12,12.044160,908.131831
2278,1050,502,2025-02-04,22.926686,2266.481513
2279,345,525,2025-01-31,19.641457,3931.061934
2280,1759,421,2025-03-13,20.855369,2069.905741
2281,928,882,2025-03-03,20.315766,638.999094
2282,163,919,2025-01-23,19.085994,2797.605267
2283,1470,343,2025-02-22,8.799050,2543.489060
2284,1768,984,2025-01-21,18.779508,3299.261345
2285,1472,827,2025-03-01,3.567756,634.434097
2286,1622,165,2025-02-09,21.414003,1532.956378
2287,527,623,2025-04-24,21.380374,65.001588
2288,1252,268,2025-01-09,12.945091,2296.493145
2289,1407,585,2025-04-03,1.460255,2070.709780
2290,180,734,2025-02-27,5.817493,3649.130839
2291,1059,368,2025-01-09,3.359822,2570.196085
2292,1375,879,2025-02-03,7.951579,2151.875693
2293,84,936,2025-03-30,15.265082,895.091551
2294,262,205,2025-04-20,10.692631,721.630837
2295,588,788,2025-01-10,14.234486,3178.359912
2296,1467,833,2025-03-12,8.133273,1648.236615
2297,1633,124,2025-01-02,9.867513,1229.533925
2298,1585,73,2025-02-02,3.778153,4740.553925
2299,135,354,2025-01-25,18.739819,3021.615751
2300,1080,222,2025-01-21,16.543052,4319.589928
2301,1738,81,2025-03-25,7.546484,4785.500925
2302,1829,804,2025-04-13,4.200674,2311.564879
2303,204,472,2025-02-18,21.691455,3534.996337
2304,231,456,2025-04-18,2.682005,2705.846896
2305,923,266,2025-04-11,1.097368,4363.040809
2306,613,145,2025-04-19,10.600263,4408.248561
2307,511,952,2025-01-25,10.908985,3025.123245
2308,574,893,2025-01-28,15.395285,3232.352503
2309,350,331,2025-02-28,3.922607,363.735504
2310,1702,348,2025-04-02,12.577076,1209.856497
2311,969,620,2025-03-08,11.554241,2517.622288
2312,221,415,2025-03-18,13.955325,4355.356956
2313,1378,304,2025-02-23,16.310723,3538.963456
2314,1580,515,2025-03-11,7.394316,3427.634616
2315,723,631,2025-02-13,8.413075,3381.373423
2316,1792,732,2025-02-05,19.036093,2993.411198
2317,1838,40,2025-02-04,13.838321,1953.616609
2318,339,853,2025-02-07,21.551023,380.323169
2319,1435,514,2025-04-16,23.992780,178.386856
2320,344,668,2025-01-29,16.663690,3409.803015
2321,575,716,2025-02-05,2.699200,3972.665383
2322,641,680,2025-04-23,11.715077,2046.049486
2323,1791,433,2025-01-19,23.686703,1678.956317
2324,407,152,2025-04-04,8.770758,3792.252811
2325,95,201,2025-02-09,12.982179,1179.799224
2326,1766,783,2025-04-01,23.315655,4143.316457
2327,314,456,2025-01-20,1.124752,2551.981379
2328,799,528,2025-03-03,15.437475,1328.791919
2329,626,403,2025-01-20,2.447407,779.474284
2330,342,451,2025-02-07,1.535922,464.218865
2331,1266,85,2025-02-13,18.482839,272.403917
2332,1759,784,2025-01-17,17.004055,3078.698811
2333,1017,639,2025-03-31,13.386214,2540.015546
2334,184,140,2025-04-14,10.608810,1664.976531
2335,290,555,2025-01-10,3.785163,1132.477472
2336,1268,71,2025-01-04,10.756526,4137.627695
2337,802,983,2025-02-06,17.895119,1300.752466
2338,763,419,2025-01-11,13.304791,777.250299
2339,369,816,2025-03-14,6.584386,2625.281140
2340,393,8,2025-01-24,12.922628,1744.010599
2341,429,401,2025-01-10,14.620196,4253.649211
2342,526,404,2025-01-26,19.130822,4507.682324
2343,11,234,2025-04-08,6.352159,4598.235656
2344,658,618,2025-02-02,5.265863,2693.165638
2345,1594,546,2025-02-21,4.085106,1979.125030
2346,1165,415,2025-04-06,16.556107,2564.772302
2347,1794,103,2025-01-23,15.183612,44.608758
2348,1952,904,2025-03-29,10.718446,1663.574304
2349,583,741,2025-01-16,1.221148,2213.625807
2350,775,769,2025-02-25,5.351525,309.943827
2351,51,539,2025-04-09,23.188234,4233.805661
2352,502,263,2025-04-13,21.512059,4713.199886
2353,868,765,2025-01-30,9.723875,3167.216094
2354,1377,750,2025-01-13,0.823746,1939.418286
2355,721,753,2025-03-16,6.795214,2321.914047
2356,1601,539,2025-04-21,20.845175,2340.576036
2357,878,361,2025-01-03,12.653183,115.374869
2358,204,527,2025-01-28,9.719814,4459.474234
2359,961,516,2025-01-04,9.194505,91.047214
2360,309,27,2025-01-19,16.568792,3743.785285
2361,1785,285,2025-04-20,19.636611,1182.624365
2362,378,468,2025-02-24,11.461333,1918.842338
2363,493,870,2025-03-07,13.926539,4871.962201
2364,789,811,2025-03-20,21.095275,946.590465
2365,140,416,2025-03-31,20.478346,4356.321341
2366,1634,832,2025-03-06,20.895236,3447.526221
2367,158,488,2025-01-05,18.912007,4328.857402
2368,1930,323,2025-03-21,6.686627,3005.359999
2369,1433,39,2025-01-17,8.214656,818.571409
2370,239,153,2025-01-16,19.585483,4031.632713
2371,1801,871,2025-04-17,10.974964,4649.443130
2372,529,606,2025-03-05,16.189558,873.402005
2373,1428,722,2025-03-21,17.724439,1087.214134
2374,1962,338,2025-04-08,9.609955,3970.186696
2375,1044,656,2025-02-28,18.188138,3863.311019
2376,1143,33,2025-02-14,14.631551,4790.858037
2377,646,68,2025-04-06,16.365908,307.159501
2378,443,533,2025-03-16,12.540034,2125.829119
2379,1736,777,2025-02-10,5.018961,2151.313713
2380,1626,889,2025-02-16,3.153753,2035.296470
2381,890,815,2025-04-14,13.995258,3316.790341
2382,507,852,2025-04-22,6.674149,2800.952352
2383,681,927,2025-01-20,12.621839,2133.558473
2384,1827,307,2025-04-01,12.487909,2991.566816
2385,707,718,2025-04-11,5.344942,584.079438
2386,1138,267,2025-01-11,20.024886,1925.120988
2387,1036,24,2025-04-24,13.501822,1732.337609
2388,885,691,2025-03-07,4.159752,584.965101
2389,1047,925,2025-03-10,21.768131,2049.635160
2390,1918,552,2025-03-22,9.038026,1164.754988
2391,573,790,2025-03-02,18.126002,2891.886428
2392,1688,652,2025-03-18,4.937400,2843.910308
2393,402,377,2025-04-16,21.169235,1437.912521
2394,1021,485,2025-04-04,23.590047,901.775156
2395,789,905,2025-04-04,11.742419,702.088443
2396,1953,341,2025-02-12,21.911360,1673.251652
2397,1219,934,2025-03-29,11.778167,3597.268274
2398,1865,523,2025-01-26,22.880413,2066.697231
2399,419,984,2025-04-02,18.110373,4130.084148
2400,924,480,2025-01-10,17.614042,4271.008028
2401,1900,192,2025-02-08,6.978345,2356.264006
2402,416,636,2025-02-13,17.970369,3351.369912
2403,738,473,2025-03-01,10.488261,360.097574
2404,1491,233,2025-03-17,14.354459,2690.061767
2405,1538,411,2025-01-25,10.538895,591.941376
2406,1088,489,2025-03-26,12.548501,4780.168653
2407,1804,956,2025-02-15,21.549726,500.205510
2408,295,27,2025-02-09,13.654133,4865.190774
2409,1936,116,2025-04-24,2.287150,2616.548981
2410,962,955,2025-01-04,19.110431,1927.414172
2411,1317,719,2025-04-01,16.853824,1392.146682
2412,429,649,2025-01-01,15.481180,3152.579283
2413,1196,130,2025-01-27,14.694248,4349.801427
2414,1519,16,2025-02-01,18.260556,3823.571106
2415,501,565,2025-04-16,19.873516,3525.954171
2416,410,923,2025-01-27,22.041804,4416.233867
2417,1188,891,2025-01-22,11.157692,2228.647925
2418,1521,951,2025-02-01,23.016659,325.451059
2419,1459,589,2025-03-31,18.821868,3577.762088
2420,515,238,2025-01-31,9.853739,1503.837743
2421,1395,803,2025-01-25,15.448876,2876.274645
2422,1916,165,2025-04-09,7.158346,3684.142535
2423,1121,884,2025-04-15,7.332772,1557.391767
2424,330,960,2025-01-22,7.313718,2516.680514
2425,1272,221,2025-03-01,23.948351,4511.205101
2426,582,92,2025-04-19,15.795835,3722.541848
2427,766,915,2025-03-10,16.970826,1565.382993
2428,966,693,2025-02-28,15.426973,3946.394074
2429,244,312,2025-02-05,10.287504,57.692230
2430,1519,625,2025-02-24,11.372204,1246.721163
2431,450,338,2025-04-11,14.431087,4272.457587
2432,1330,908,2025-03-20,6.467504,595.698007
2433,903,242,2025-04-22,12.293867,2167.988395
2434,1469,809,2025-02-06,23.579348,3288.284750
2435,274,630,2025-01-07,2.220554,4054.614090
2436,884,835,2025-02-21,23.943622,3377.080781
2437,1954,603,2025-02-23,2.346028,2037.857868
2438,420,820,2025-04-20,2.607125,2483.026709
2439,125,57,2025-01-06,14.024308,4710.031843
2440,948,595,2025-01-31,6.347868,2105.318659
2441,1586,388,2025-03-16,8.205803,2414.713519
2442,1147,349,2025-02-28,8.371693,109.098488
2443,1304,882,2025-01-23,19.229097,2086.723133
2444,659,794,2025-01-24,22.086711,1327.622076
2445,1919,909,2025-01-20,14.715969,3865.484104
2446,716,956,2025-03-12,1.260294,185.934527
2447,1803,178,2025-03-23,4.953397,4398.956281
2448,892,583,2025-04-16,19.730283,2224.022286
2449,1440,625,2025-04-19,19.729557,1074.014966
2450,1991,373,2025-04-03,23.482371,2257.718867
2451,922,400,2025-02-20,13.883677,1961.484891
2452,348,309,2025-02-13,7.044239,3722.271204
2453,486,461,2025-02-10,9.250694,3292.749960
2454,1634,651,2025-02-27,22.970238,3235.473770
2455,728,320,2025-03-04,5.790272,1718.733821
2456,1021,430,2025-01-03,8.647154,1629.157589
2457,1064,24,2025-01-17,17.710323,3899.310872
2458,1015,685,2025-03-28,17.100040,1833.108595
2459,404,301,2025-01-21,16.138816,1230.131900
2460,828,862,2025-02-12,13.210611,2917.155364
2461,864,106,2025-03-28,5.462574,560.982609
2462,620,501,2025-02-12,4.187276,3260.543396
2463,404,117,2025-02-17,18.645907,1049.443741
2464,524,414,2025-01-23,23.964830,1640.831388
2465,1184,980,2025-03-20,17.970478,3847.296633
2466,1439,791,2025-04-05,23.536684,3322.264774
2467,683,953,2025-02-13,16.095392,3887.263579
2468,863,602,2025-01-13,10.907732,2165.186965
2469,63,377,2025-01-25,8.557844,2490.588652
2470,80,616,2025-01-31,1.277561,488.745172
2471,237,989,2025-03-04,3.275720,2046.967621
2472,372,926,2025-04-20,2.346818,1935.517765
2473,268,515,2025-01-11,5.240667,1065.788971
2474,88,792,2025-03-30,14.990931,1219.653619
2475,1831,723,2025-02-14,0.775350,83.798604
2476,191,834,2025-01-04,23.580673,4511.403403
2477,1206,265,2025-03-04,16.941184,4385.482577
2478,1448,88,2025-01-16,9.764839,3096.414712
2479,264,209,2025-03-14,12.112386,1294.495771
2480,795,52,2025-02-05,14.873881,3136.726452
2481,451,266,2025-04-15,20.010680,2172.518226
2482,105,843,2025-02-05,16.962327,1519.444232
2483,1381,35,2025-01-31,22.460405,2092.658292
2484,1259,430,2025-01-29,17.378607,3986.597254
2485,1496,559,2025-04-07,23.781204,2000.113279
2486,154,840,2025-01-29,18.347276,2325.432399
2487,618,429,2025-03-28,17.023527,3724.856736
2488,1763,341,2025-03-22,21.062689,3640.664418
2489,915,876,2025-01-18,5.324143,3767.228924
2490,953,310,2025-02-16,21.840356,1599.177032
2491,1178,251,2025-02-18,13.127988,4687.954793
2492,141,458,2025-02-17,2.581686,3456.702272
2493,251,205,2025-02-25,11.733295,845.206630
2494,1728,457,2025-03-27,8.487293,4127.203082
2495,1770,369,2025-03-22,17.981859,1305.101266
2496,147,985,2025-02-05,15.363289,2954.663766
2497,1317,448,2025-03-05,14.565363,2872.220183
2498,1778,804,2025-03-15,22.582131,303.683776
2499,1216,579,2025-02-28,23.158579,1861.129768
2500,1194,755,2025-01-25,13.015500,3533.533894
2501,720,410,2025-02-22,15.283236,4614.510620
2502,1311,348,2025-03-01,8.527168,1436.396264
2503,21,92,2025-02-28,5.022991,4883.325314
2504,579,283,2025-01-07,12.069823,2760.665823
2505,21,955,2025-02-01,9.056178,2061.742003
2506,619,378,2025-01-28,14.705738,1853.831206
2507,247,306,2025-01-02,21.411153,4315.473589
2508,854,472,2025-04-22,15.045927,942.312880
2509,231,780,2025-02-14,17.385212,3191.336556
2510,25,606,2025-01-14,12.172978,4926.281637
2511,1300,840,2025-02-10,1.124124,2243.118828
2512,843,906,2025-03-05,22.105101,1322.861614
2513,1139,682,2025-01-04,18.018629,4487.656880
2514,290,191,2025-04-04,0.879153,3921.855376
2515,904,997,2025-01-09,6.116851,3288.013434
2516,903,162,2025-04-03,2.888842,3465.687386
2517,1760,713,2025-04-23,1.696431,386.716077
2518,1689,958,2025-03-14,21.529573,3591.237650
2519,1863,159,2025-03-30,6.745349,4353.016200
2520,1437,652,2025-04-20,1.859565,1086.212561
2521,868,49,2025-01-05,3.082237,3995.225441
2522,1598,545,2025-03-18,21.795076,1696.079755
2523,115,446,2025-01-03,9.371377,1878.938492
2524,868,568,2025-03-24,15.242206,4794.495504
2525,805,654,2025-02-28,16.407098,980.709527
2526,597,441,2025-04-08,8.708180,958.730657
2527,930,987,2025-03-12,23.548358,3198.411582
2528,722,9,2025-04-03,22.567142,3454.777961
2529,1659,995,2025-01-05,19.858539,346.327904
2530,577,427,2025-03-07,23.946712,584.458387
2531,1041,725,2025-01-29,22.810845,2410.968719
2532,628,677,2025-02-18,10.900500,3692.279033
2533,46,288,2025-01-15,13.819289,3843.793757
2534,789,740,2025-03-31,12.527253,3371.507557
2535,488,603,2025-02-01,19.306851,50.679408
2536,353,274,2025-02-07,8.372837,1903.884852
2537,867,953,2025-02-24,6.961896,2820.068218
2538,1271,526,2025-02-19,3.899935,3159.535933
2539,649,843,2025-03-26,9.295799,4866.088031
2540,306,539,2025-02-11,22.723498,2627.452587
2541,1092,610,2025-03-19,8.076772,2121.912954
2542,1157,75,2025-01-20,4.637401,246.559209
2543,445,325,2025-03-29,22.027651,3650.469705
2544,1199,607,2025-01-07,21.289922,711.500469
2545,659,517,2025-04-20,16.164113,2919.971303
2546,806,914,2025-01-20,3.407151,1851.503025
2547,1029,122,2025-03-26,0.696841,4717.562002
2548,473,625,2025-02-10,22.113648,133.023229
2549,1465,86,2025-02-02,7.632164,4024.066113
2550,199,3,2025-01-10,5.672763,3297.510288
2551,528,858,2025-01-31,6.646652,1357.498706
2552,1025,663,2025-03-14,1.914852,1998.187643
2553,1071,628,2025-01-08,14.554311,1844.406477
2554,635,915,2025-03-13,20.853287,1071.809976
2555,1006,411,2025-01-25,19.091789,95.176083
2556,230,216,2025-03-27,2.680693,2836.759570
2557,604,914,2025-02-16,23.426285,437.684452
2558,1114,828,2025-04-08,1.694496,1642.937225
2559,409,831,2025-03-03,12.924770,3951.631071
2560,211,326,2025-04-14,13.891431,497.404290
2561,520,309,2025-03-30,23.216901,2087.681379
2562,906,753,2025-02-26,23.975600,2618.665507
2563,1658,37,2025-01-06,8.326724,4774.025397
2564,1694,760,2025-04-15,12.910745,770.011623
2565,1467,184,2025-01-24,6.774624,2781.460827
2566,681,889,2025-04-16,8.325904,1118.548830
2567,1650,653,2025-02-05,15.230660,100.865444
2568,1056,709,2025-03-30,4.994068,4210.323551
2569,270,933,2025-02-10,19.150604,619.020283
2570,260,684,2025-02-18,3.242463,4264.462573
2571,1536,284,2025-02-16,2.767651,287.217436
2572,10,617,2025-03-26,12.243990,1329.621604
2573,1071,991,2025-01-18,13.341213,2653.441237
2574,3,861,2025-04-07,20.053286,1426.442194
2575,217,294,2025-01-17,11.776025,4540.308180
2576,1577,886,2025-01-22,9.021808,998.929065
2577,5,821,2025-04-08,21.459468,269.956255
2578,522,826,2025-02-21,7.110781,3953.467124
2579,1667,303,2025-02-28,17.422417,2844.873198
2580,1668,747,2025-03-18,15.775177,81.463326
2581,1488,948,2025-01-10,3.860325,2544.318091
2582,1603,505,2025-01-07,20.489555,3776.034227
2583,23,52,2025-03-30,22.502507,2660.669977
2584,490,508,2025-01-20,1.741821,2139.448132
2585,485,105,2025-01-27,22.639953,3343.758769
2586,489,158,2025-01-07,16.926168,3780.081720
2587,950,251,2025-02-27,17.642556,1127.482604
2588,58,129,2025-01-10,22.945390,623.061349
2589,1230,546,2025-03-15,16.287215,4525.927911
2590,84,254,2025-01-08,10.691524,3986.414670
2591,426,291,2025-04-16,0.952750,1647.208503
2592,705,704,2025-03-03,10.553855,310.791658
2593,1512,23,2025-03-02,12.231323,2882.666230
2594,1511,351,2025-04-20,20.894801,371.484035
2595,1262,827,2025-01-08,3.823622,232.681200
2596,342,379,2025-02-06,15.375204,588.317570
2597,741,125,2025-04-05,22.612493,4413.106590
2598,1386,663,2025-01-21,23.459189,2029.859678
2599,444,84,2025-04-14,15.894918,1658.030246
2600,1036,926,2025-01-02,23.381522,815.109331
2601,961,305,2025-04-01,22.669315,160.277483
2602,1361,493,2025-01-15,1.568536,1016.996643
2603,1942,950,2025-04-12,22.173247,2261.001869
2604,1107,159,2025-01-16,22.497977,4978.199765
2605,883,864,2025-02-20,11.140258,3397.022868
2606,1378,749,2025-03-23,20.418745,358.512073
2607,243,313,2025-02-19,21.476249,74.023297
2608,1078,588,2025-03-02,14.684696,4389.903989
2609,579,121,2025-01-14,6.975946,4305.845675
2610,1701,432,2025-03-01,22.993113,669.749462
2611,298,526,2025-02-25,15.682882,2485.490766
2612,1037,840,2025-02-10,5.552471,2955.272852
2613,1629,845,2025-02-07,20.334339,4002.122310
2614,1210,153,2025-02-13,19.743286,1904.044550
2615,284,995,2025-03-25,3.571694,3609.325676
2616,1960,463,2025-01-10,12.280592,1524.548398
2617,598,250,2025-02-21,9.047473,4798.700511
2618,1471,589,2025-01-27,9.507580,4088.835157
2619,1300,788,2025-01-21,12.509020,2978.798130
2620,1424,821,2025-01-22,13.729937,2118.840974
2621,762,892,2025-04-16,5.118985,1173.602034
2622,1141,516,2025-01-17,19.321418,1820.507367
2623,1830,622,2025-02-18,23.569721,3067.016943
2624,1764,269,2025-03-24,9.111480,86.542641
2625,380,1,2025-04-04,13.356748,2799.281089
2626,448,92,2025-02-02,23.975527,4650.342503
2627,645,729,2025-02-27,17.881464,3910.716578
2628,112,606,2025-03-31,11.713279,597.694412
2629,413,406,2025-04-03,5.390582,2577.658596
2630,332,870,2025-04-01,8.770518,3253.668216
2631,617,60,2025-01-24,17.878408,3273.561299
2632,1860,200,2025-02-22,16.955338,1729.352618
2633,1502,843,2025-02-26,16.772965,3785.542265
2634,199,392,2025-02-17,19.036680,4003.112376
2635,1068,848,2025-04-13,16.035202,2584.536235
2636,1103,617,2025-02-09,9.129872,102.171442
2637,1531,432,2025-03-30,22.244055,677.748480
2638,1640,113,2025-03-28,23.282898,729.811091
2639,394,197,2025-02-26,17.653343,2030.136563
2640,1665,753,2025-04-05,20.121247,1193.745951
2641,1243,165,2025-02-05,10.662166,73.288243
2642,1098,150,2025-01-25,1.805848,4080.624738
2643,800,653,2025-04-22,9.755464,4713.402230
2644,1990,231,2025-01-23,12.885316,4293.753300
2645,1037,372,2025-01-17,22.524975,2947.977855
2646,1469,994,2025-02-13,17.641519,2335.259510
2647,160,873,2025-04-08,15.900930,2673.869635
2648,763,768,2025-01-05,9.167006,3046.367484
2649,1723,40,2025-02-18,8.067828,943.778120
2650,1880,162,2025-02-16,1.377466,2232.630089
2651,85,454,2025-04-08,19.853428,4636.531080
2652,339,65,2025-02-27,8.394200,2244.792217
2653,1992,730,2025-01-14,0.518598,706.560596
2654,1070,401,2025-02-18,10.443694,1039.971826
2655,379,997,2025-02-19,7.548068,4933.646354
2656,1311,968,2025-02-08,15.602752,4585.620276
2657,1985,413,2025-03-03,11.447279,1642.510586
2658,1759,692,2025-01-05,18.773302,1820.901149
2659,1586,807,2025-01-23,10.441678,3342.149424
2660,1228,203,2025-02-20,13.449963,1349.799470
2661,386,239,2025-02-09,15.197401,2104.228934
2662,1508,393,2025-01-02,21.959386,156.525333
2663,76,589,2025-03-14,17.356194,4768.436371
2664,337,702,2025-04-09,8.882879,4493.701191
2665,1562,992,2025-02-20,3.124159,1301.206300
2666,430,44,2025-04-01,2.504016,1083.735570
2667,1152,122,2025-02-22,22.488190,3337.445458
2668,1675,487,2025-02-11,20.461375,4560.826570
2669,1350,65,2025-03-14,23.095335,4024.640629
2670,568,722,2025-02-21,19.320573,1569.474632
2671,548,705,2025-04-20,17.813157,1474.293550
2672,1288,276,2025-04-06,11.111527,2744.003773
2673,341,161,2025-03-01,21.658864,1710.407089
2674,1087,978,2025-01-16,14.211163,2093.487674
2675,476,914,2025-01-09,18.274501,4754.631408
2676,12,853,2025-03-20,6.308297,886.779037
2677,504,856,2025-01-04,20.716648,4645.734109
2678,1487,909,2025-02-17,9.444177,3823.306896
2679,250,573,2025-01-21,20.836742,2077.062991
2680,115,733,2025-03-09,7.679137,2017.465665
2681,1644,287,2025-02-12,6.335139,3594.772880
2682,77,791,2025-01-06,9.304171,201.841021
2683,817,561,2025-04-10,0.987433,298.248634
2684,565,799,2025-04-18,17.465534,4369.437812
2685,1221,265,2025-04-13,7.753660,1258.770731
2686,1637,127,2025-02-21,9.028708,1094.210690
2687,1309,181,2025-04-01,17.373904,2899.988757
2688,1180,572,2025-03-06,17.826742,2447.207586
2689,450,927,2025-04-23,23.536728,2596.468591
2690,1207,793,2025-02-23,7.497936,1410.132998
2691,387,321,2025-01-18,8.144605,1901.958507
2692,444,889,2025-03-13,16.132147,942.286453
2693,1741,140,2025-01-16,9.637565,2396.830720
2694,1005,289,2025-02-22,5.288072,2179.563127
2695,987,242,2025-01-25,22.390120,3141.804884
2696,811,321,2025-01-26,6.803978,584.380275
2697,679,734,2025-02-13,7.528747,584.403724
2698,1271,628,2025-03-05,17.840537,3172.035436
2699,1536,452,2025-02-17,15.864248,4489.116596
2700,655,944,2025-01-20,19.464331,4727.334031
2701,819,912,2025-03-09,8.201494,3242.849446
2702,1482,272,2025-04-06,7.367704,2781.607187
2703,1299,3,2025-02-26,21.679226,3888.888728
2704,1728,807,2025-04-05,2.205785,2515.581106
2705,1041,471,2025-02-19,9.374234,3623.721206
2706,1341,91,2025-04-12,11.322085,4813.333969
2707,1962,961,2025-02-07,0.994843,2938.284230
2708,933,234,2025-04-11,22.442514,3088.068716
2709,1693,202,2025-03-15,9.332270,3046.446459
2710,475,781,2025-04-17,13.896478,871.926118
2711,765,739,2025-02-28,16.249493,4474.755541
2712,139,480,2025-02-04,4.894154,837.082899
2713,1537,38,2025-01-29,10.851697,4885.210661
2714,1109,968,2025-04-19,2.416331,3330.630688
2715,466,182,2025-03-06,23.307702,110.716818
2716,227,474,2025-03-05,6.487986,194.040407
2717,514,928,2025-03-25,22.183675,4480.577703
2718,205,319,2025-02-19,12.046688,3487.242205
2719,97,510,2025-03-13,5.754579,2628.990397
2720,1481,485,2025-04-05,16.517991,4293.927725
2721,749,449,2025-03-23,7.675499,715.501965
2722,44,71,2025-01-24,19.911870,918.219516
2723,1821,677,2025-03-08,23.934903,1011.087449
2724,436,636,2025-01-03,4.743407,4080.846653
2725,289,36,2025-01-27,17.066294,3317.663663
2726,687,286,2025-03-24,5.303935,4501.642140
2727,883,979,2025-01-01,7.214106,2425.684530
2728,1762,472,2025-04-04,3.155073,1309.955466
2729,1384,659,2025-03-12,6.600020,4222.645486
2730,350,255,2025-01-27,15.090604,3819.838238
2731,949,234,2025-04-22,19.906160,1385.491241
2732,595,836,2025-03-29,9.606955,389.767160
2733,1073,549,2025-02-09,20.340657,4585.830104
2734,569,13,2025-01-09,20.847841,4546.104290
2735,1804,737,2025-04-21,8.190440,3119.901910
2736,594,275,2025-01-02,5.290529,1802.797959
2737,1596,342,2025-02-07,21.600026,3260.588167
2738,953,336,2025-01-25,4.144528,3276.654017
2739,260,281,2025-04-12,7.878435,2921.550943
2740,135,31,2025-02-13,11.546876,313.116608
2741,1182,518,2025-03-25,19.565455,699.238796
2742,1021,147,2025-03-10,4.936688,1963.350991
2743,1237,978,2025-03-21,7.779262,4323.721714
2744,303,419,2025-01-25,7.535948,3494.017935
2745,629,202,2025-03-31,9.473621,3316.228933
2746,1489,908,2025-01-26,8.676805,2569.224291
2747,786,528,2025-02-17,2.847562,4800.063164
2748,643,832,2025-01-07,11.977192,1016.685698
2749,1932,289,2025-01-06,22.029670,3464.242182
2750,203,725,2025-04-10,7.158722,2249.265823
2751,952,920,2025-01-25,15.718515,2944.584966
2752,1699,961,2025-01-02,16.036778,1223.047082
2753,646,752,2025-03-13,5.155647,4366.589662
2754,29,130,2025-02-15,3.205702,2365.835686
2755,1765,679,2025-03-19,10.173275,2795.574204
2756,1175,567,2025-04-05,17.279608,4714.082507
2757,699,608,2025-01-23,18.103712,898.039366
2758,1847,707,2025-03-15,8.355266,749.688359
2759,1994,503,2025-02-04,13.750554,1724.514291
2760,457,569,2025-04-03,15.476174,3547.287088
2761,1050,240,2025-01-28,6.685258,143.827614
2762,1939,944,2025-01-21,6.132360,102.610437
2763,1262,159,2025-02-17,14.869381,4889.282593
2764,1575,619,2025-03-26,23.847361,243.879980
2765,443,522,2025-01-12,17.377065,2261.687906
2766,868,499,2025-01-23,10.194757,445.035440
2767,1574,927,2025-04-11,3.246634,4238.126238
2768,1800,573,2025-01-27,9.636937,1147.142491
2769,918,931,2025-02-18,12.218256,1453.975163
2770,1680,876,2025-01-02,9.912628,857.586795
2771,613,939,2025-03-12,1.833715,4431.827061
2772,467,362,2025-03-26,22.437994,2561.385440
2773,722,871,2025-03-11,4.991180,2822.667707
2774,17,761,2025-02-18,3.630752,3960.571367
2775,1653,365,2025-03-07,13.495899,938.109431
2776,550,372,2025-04-04,7.144302,3633.463925
2777,545,561,2025-04-16,19.356816,4925.488351
2778,1246,351,2025-03-14,2.385955,3013.548034
2779,1342,132,2025-04-20,17.247844,4311.530669
2780,998,918,2025-01-16,15.451627,2321.973957
2781,1443,141,2025-03-18,4.533461,3499.812863
2782,692,987,2025-01-31,15.343977,3993.300669
2783,1124,182,2025-04-12,4.464357,2963.348510
2784,40,815,2025-04-06,9.440358,1782.372351
2785,1716,5,2025-01-31,11.196079,4544.709098
2786,1843,703,2025-04-03,3.067125,4946.356219
2787,1720,336,2025-04-14,16.228073,731.764407
2788,552,459,2025-03-12,13.046200,4890.532441
2789,1128,285,2025-04-05,23.185509,829.114863
2790,1349,365,2025-01-01,19.217065,2664.212354
2791,1902,714,2025-03-26,6.868349,429.214419
2792,1322,774,2025-01-02,7.216324,133.904806
2793,640,760,2025-03-14,16.701707,3489.795210
2794,1847,952,2025-01-03,14.821371,4746.147325
2795,1823,395,2025-03-17,10.914488,3608.571310
2796,576,445,2025-01-24,6.642905,3263.151773
2797,422,797,2025-01-04,16.624775,4818.534795
2798,972,572,2025-02-28,5.166825,411.618255
2799,1033,483,2025-02-02,7.754149,583.101671
2800,1562,537,2025-04-23,23.559932,2583.153602
2801,1033,143,2025-03-12,23.776585,1621.542261
2802,1247,61,2025-01-01,20.308786,1863.134763
2803,1777,699,2025-03-12,14.796347,2138.914961
2804,270,602,2025-04-04,18.600660,4029.227139
2805,1999,209,2025-01-14,4.912691,4039.540162
2806,310,503,2025-03-27,12.375203,1958.381493
2807,153,665,2025-04-19,11.910188,468.655385
2808,1225,703,2025-01-25,6.618722,4097.582217
2809,407,87,2025-03-29,12.711321,745.956260
2810,906,808,2025-01-18,20.123572,462.313423
2811,131,965,2025-02-14,4.695724,3746.823775
2812,197,506,2025-01-03,14.959445,4351.413508
2813,1128,544,2025-03-11,3.752696,2533.680072
2814,1138,462,2025-03-04,14.336155,273.591551
2815,134,886,2025-02-27,3.662064,1520.671643
2816,1382,967,2025-01-23,16.968379,1773.922775
2817,118,508,2025-03-31,5.314088,3998.781884
2818,351,757,2025-02-04,6.665986,780.418305
2819,1866,563,2025-02-01,6.142376,2114.868546
2820,786,464,2025-01-17,9.142892,4453.230910
2821,978,438,2025-04-02,21.517024,2043.975468
2822,1228,626,2025-02-08,2.439196,3648.733078
2823,1667,460,2025-01-16,6.417768,2973.577015
2824,1408,248,2025-01-02,8.673449,4821.615887
2825,95,852,2025-01-12,3.940937,1830.219600
2826,207,419,2025-01-23,14.975317,3272.724550
2827,567,537,2025-03-10,14.096099,3491.125149
2828,467,508,2025-03-02,21.154153,462.448813
2829,325,728,2025-01-17,10.466880,59.385996
2830,1790,590,2025-02-12,8.384891,826.758067
2831,482,256,2025-01-07,7.533844,2238.275872
2832,810,289,2025-02-15,7.071157,2696.343538
2833,1501,760,2025-03-25,0.707873,3964.854090
2834,1606,549,2025-03-27,3.776653,3802.312588
2835,1090,727,2025-04-12,5.999556,477.203236
2836,317,454,2025-03-24,9.161948,2509.560891
2837,1292,264,2025-02-16,14.133029,1960.936495
2838,1048,855,2025-01-14,12.033225,2839.603086
2839,1253,45,2025-01-13,12.857570,1753.951875
2840,856,413,2025-01-29,10.316619,459.500905
2841,295,465,2025-03-03,13.158889,2965.895168
2842,1792,173,2025-02-07,6.151185,4789.006179
2843,231,22,2025-02-15,9.401710,1160.504351
2844,1260,748,2025-04-01,4.354226,1817.453653
2845,1032,75,2025-03-22,20.553171,203.267492
2846,1564,842,2025-04-22,13.408925,2463.305946
2847,1583,425,2025-02-28,2.153483,1190.962185
2848,640,91,2025-01-30,7.468059,4231.993660
2849,1636,80,2025-03-11,9.901191,2119.954298
2850,272,846,2025-02-23,1.998518,2472.814543
2851,21,946,2025-03-29,20.155988,3153.837876
2852,1286,745,2025-01-30,20.523155,4164.694587
2853,740,460,2025-01-19,15.385361,434.598719
2854,1566,215,2025-02-25,3.644049,2461.446059
2855,1151,770,2025-01-09,0.569695,2812.666903
2856,812,280,2025-03-02,13.922584,1056.630737
2857,1421,990,2025-01-30,20.890320,121.449727
2858,52,316,2025-03-26,6.831750,2531.895788
2859,123,758,2025-04-23,22.108815,995.440572
2860,1148,876,2025-02-25,11.137404,4722.653230
2861,1377,57,2025-04-06,21.620842,1082.739345
2862,289,937,2025-01-10,3.025293,2097.237386
2863,1167,391,2025-01-04,2.526039,2874.207010
2864,1017,914,2025-02-07,23.998534,3874.887362
2865,1698,606,2025-02-11,10.724453,184.363463
2866,1366,992,2025-01-22,12.311420,422.708529
2867,650,29,2025-02-13,17.046640,2982.691375
2868,1306,501,2025-03-16,12.989021,2478.791720
2869,1996,763,2025-01-13,6.452111,2625.100847
2870,537,586,2025-02-01,8.567780,2705.645939
2871,182,967,2025-01-01,22.485899,1231.043126
2872,680,656,2025-03-03,3.968686,3372.290518
2873,1490,373,2025-03-12,10.134970,820.570736
2874,1538,135,2025-04-01,2.142099,3550.568720
2875,580,443,2025-01-04,1.109304,115.823004
2876,975,24,2025-01-19,20.004974,2778.424027
2877,1849,544,2025-02-01,23.141496,961.840177
2878,1827,416,2025-03-04,1.880533,164.377715
2879,1638,792,2025-04-18,7.093207,2789.015362
2880,1914,245,2025-04-17,22.800001,1409.777032
2881,1584,158,2025-01-04,19.116670,1266.683271
2882,384,488,2025-03-12,12.838870,1941.147372
2883,329,318,2025-03-31,0.802731,3141.630939
2884,713,404,2025-03-27,11.056238,1898.093476
2885,30,827,2025-03-22,18.786219,1930.589967
2886,422,186,2025-01-01,4.549641,3262.592007
2887,850,900,2025-01-08,7.305568,1542.893314
2888,1381,509,2025-04-09,1.406502,4946.680497
2889,842,18,2025-02-11,2.108276,4160.376476
2890,38,359,2025-01-16,10.357092,4477.859207
2891,1554,743,2025-03-31,13.799502,200.274630
2892,1368,645,2025-02-06,18.079733,2913.837351
2893,309,792,2025-02-18,23.297921,1354.557103
2894,1546,937,2025-03-12,7.043624,3287.229981
2895,146,576,2025-01-23,18.140517,3043.626936
2896,606,806,2025-02-03,13.338798,3505.838623
2897,1133,201,2025-02-05,4.930920,688.907726
2898,861,617,2025-01-21,9.577896,1187.672454
2899,18,74,2025-01-30,23.868882,2665.415292
2900,454,486,2025-01-10,0.835134,4807.778047
2901,152,718,2025-02-04,11.183100,4706.232112
2902,1862,979,2025-01-03,20.166466,3305.208287
2903,1120,784,2025-02-14,1.238010,1416.775871
2904,1301,810,2025-04-03,17.838815,844.401658
2905,1882,397,2025-03-11,1.766978,1721.954244
2906,1562,728,2025-01-20,6.072900,2100.505262
2907,970,519,2025-04-21,17.870020,1486.640108
2908,918,383,2025-02-20,16.730893,4703.461057
2909,1642,115,2025-04-09,9.459047,2171.348294
2910,201,125,2025-01-03,1.335171,1203.699050
2911,1118,414,2025-01-26,0.832526,2925.379896
2912,1481,450,2025-01-29,7.184766,2698.142877
2913,109,385,2025-04-22,4.522429,3234.379467
2914,480,287,2025-01-07,8.941365,2699.420590
2915,1817,574,2025-04-15,9.722774,2221.079764
2916,67,15,2025-02-21,11.820337,460.906856
2917,1208,597,2025-03-06,19.241595,4169.096179
2918,1983,862,2025-02-27,10.816131,3029.592682
2919,531,130,2025-01-09,0.557999,4117.613724
2920,1020,882,2025-01-28,1.957177,1642.067336
2921,1116,457,2025-03-17,1.376767,1366.220080
2922,29,43,2025-01-19,21.673014,359.558319
2923,1693,797,2025-02-02,10.604994,1990.926358
2924,1953,831,2025-03-08,5.854984,60.646288
2925,1819,729,2025-04-18,3.088691,3249.785863
2926,1374,423,2025-02-28,11.353939,372.600536
2927,244,128,2025-01-03,3.800457,3164.995853
2928,730,911,2025-04-16,22.357958,1645.756843
2929,687,953,2025-02-22,20.306171,4551.736044
2930,1253,368,2025-01-13,13.855262,1592.742905
2931,862,893,2025-04-15,19.386756,1620.528029
2932,768,980,2025-04-11,5.792242,2422.881296
2933,949,977,2025-01-16,13.635470,2860.343307
2934,1833,885,2025-02-20,17.896050,2442.458747
2935,1211,191,2025-01-27,9.801534,3672.951355
2936,994,764,2025-03-18,23.088405,391.873258
2937,806,109,2025-04-14,6.124237,4667.700114
2938,520,821,2025-04-17,7.825194,3365.777903
2939,1859,403,2025-04-21,5.721347,4463.010422
2940,574,846,2025-01-16,5.516325,1168.059421
2941,1152,287,2025-02-27,5.599244,2258.149642
2942,892,127,2025-02-08,10.825048,4480.461292
2943,1637,458,2025-01-19,15.666535,4188.356048
2944,403,494,2025-01-28,13.141650,1105.370479
2945,815,25,2025-01-07,15.768252,4305.710673
2946,1451,87,2025-02-18,21.421430,524.026610
2947,1437,136,2025-04-14,3.944860,367.271415
2948,850,517,2025-02-12,6.904436,3579.195162
2949,1779,513,2025-03-15,21.865817,3101.236360
2950,347,436,2025-01-26,14.786360,2516.544635
2951,1400,43,2025-01-06,18.568987,1775.145785
2952,100,69,2025-01-31,10.937534,2724.185245
2953,1752,460,2025-04-06,5.585728,4449.906230
2954,345,193,2025-03-27,3.045313,2558.066866
2955,1260,63,2025-01-19,21.628640,1944.491213
2956,1520,374,2025-01-03,8.252489,2517.437849
2957,1768,59,2025-01-31,4.362282,1497.267822
2958,737,785,2025-01-06,7.652651,4611.983568
2959,1678,658,2025-01-07,6.825017,2474.696825
2960,1991,613,2025-02-05,7.838095,4943.527792
2961,314,300,2025-03-18,9.945553,2594.705184
2962,93,667,2025-01-31,2.472638,4033.279621
2963,720,8,2025-01-17,12.847595,1049.572447
2964,907,96,2025-03-03,1.429653,1974.150337
2965,889,552,2025-01-07,4.269738,4252.791585
2966,510,125,2025-02-13,19.212932,651.658391
2967,783,452,2025-03-09,12.306411,1135.735562
2968,1281,926,2025-03-04,14.568460,4301.249136
2969,1084,187,2025-03-09,10.901168,2381.227470
2970,1772,256,2025-03-31,14.716780,2421.395963
2971,1760,281,2025-04-02,22.947765,2854.206958
2972,832,584,2025-02-01,21.864771,4665.785720
2973,640,232,2025-03-02,20.912120,3091.761820
2974,1525,1,2025-03-02,23.846541,3029.728820
2975,379,98,2025-03-19,21.078338,4177.259073
2976,1290,199,2025-04-15,3.233072,3760.957089
2977,1105,290,2025-04-15,9.187413,4437.840285
2978,1446,629,2025-02-04,15.621899,1175.398969
2979,1165,469,2025-03-11,5.096047,4591.146004
2980,1819,383,2025-03-24,14.687783,1425.117571
2981,903,331,2025-02-03,3.241722,3622.839214
2982,607,18,2025-03-28,11.439528,978.334898
2983,51,813,2025-04-22,8.035084,2178.618014
2984,603,780,2025-03-26,21.139612,4819.425041
2985,1938,860,2025-04-14,7.425042,4875.079583
2986,1455,232,2025-01-19,14.336461,4621.347423
2987,896,63,2025-04-07,7.499266,4759.001802
2988,1297,53,2025-03-16,8.497137,4732.257544
2989,1783,582,2025-01-23,11.833460,2976.770657
2990,195,732,2025-01-04,13.987094,2080.348288
2991,634,915,2025-01-10,6.961045,4423.395136
2992,620,406,2025-01-26,23.879858,4897.246967
2993,1254,324,2025-03-23,4.883767,4692.907507
2994,1333,375,2025-03-21,13.535426,1571.403568
2995,921,303,2025-04-04,15.970764,4247.612613
2996,1188,329,2025-03-18,7.815208,3634.584230
2997,1528,436,2025-02-23,4.590942,3076.069850
2998,1744,89,2025-02-01,19.441424,884.788438
2999,1572,214,2025-01-28,3.024184,1356.294585
3000,1536,166,2025-03-09,14.628686,3724.597465
3001,653,341,2025-01-09,13.861262,1841.374152
3002,112,869,2025-02-24,17.369268,4751.420977
3003,567,576,2025-03-14,22.260229,2747.360168
3004,1343,887,2025-02-11,8.195531,743.923453
3005,1500,421,2025-04-13,9.246044,3726.595053
3006,1823,278,2025-01-07,3.545035,3111.729272
3007,157,461,2025-01-01,7.330452,474.694421
3008,1208,300,2025-02-11,2.616241,31.101864
3009,362,788,2025-04-23,5.568168,4054.736082
3010,1087,659,2025-01-21,18.063303,2056.055963
3011,1022,153,2025-01-05,10.347529,1012.322358
3012,1282,290,2025-03-30,17.736433,2478.603487
3013,556,520,2025-01-07,13.578232,3489.269257
3014,446,971,2025-04-13,9.839789,2894.214994
3015,1367,198,2025-04-12,5.320274,20.241877
3016,643,441,2025-02-12,12.603750,1820.259302
3017,1706,571,2025-03-03,4.552321,133.551121
3018,1957,485,2025-01-18,23.334264,1670.769061
3019,65,726,2025-01-24,8.998576,618.193895
3020,385,688,2025-01-09,13.112117,944.368109
3021,629,979,2025-02-07,9.936694,888.483664
3022,265,910,2025-03-02,11.555865,241.094917
3023,905,930,2025-01-22,10.156933,346.169753
3024,346,507,2025-04-24,11.532130,99.052366
3025,135,383,2025-01-17,8.383415,3150.833613
3026,815,408,2025-03-05,5.763270,675.206126
3027,1026,480,2025-01-02,16.602015,1404.424068
3028,1798,504,2025-04-23,17.777373,855.901745
3029,45,746,2025-03-09,5.570288,2069.557709
3030,878,559,2025-01-09,9.820574,214.190783
3031,476,592,2025-03-06,8.015168,3157.842350
3032,625,124,2025-02-03,9.250698,3206.482135
3033,1592,442,2025-04-24,3.866570,2733.399707
3034,1754,104,2025-02-11,19.590222,199.073702
3035,728,576,2025-03-13,1.884253,4566.024091
3036,96,612,2025-01-23,3.443365,2564.579888
3037,479,851,2025-03-09,2.107041,1856.570713
3038,1405,481,2025-03-09,3.904836,3295.545086
3039,1027,254,2025-03-09,10.456347,1330.591569
3040,1136,380,2025-03-15,10.938311,3721.562905
3041,1121,206,2025-01-07,15.643791,4993.169873
3042,860,635,2025-02-26,1.323374,2728.132665
3043,527,554,2025-04-09,15.447346,4970.837587
3044,217,106,2025-02-25,14.956459,814.576756
3045,965,527,2025-03-25,7.893044,118.122446
3046,1601,4,2025-04-14,8.500897,4355.223038
3047,1705,506,2025-01-02,11.088259,557.227653
3048,1427,59,2025-04-15,12.639255,4681.541228
3049,1573,51,2025-01-15,16.698822,2060.414727
3050,917,604,2025-03-12,13.186821,430.501636
3051,1517,422,2025-03-26,16.508066,4290.619093
3052,1930,567,2025-03-15,23.166333,2998.175495
3053,1173,499,2025-03-23,18.565409,1007.911169
3054,568,704,2025-04-09,10.552804,4063.497854
3055,1564,226,2025-02-14,14.456467,414.431229
3056,894,392,2025-04-06,11.402700,3831.448840
3057,1559,950,2025-02-21,20.398121,3087.647934
3058,1903,259,2025-03-03,12.502455,4208.645392
3059,796,448,2025-04-06,10.184424,41.463823
3060,750,878,2025-04-12,5.049116,4538.419740
3061,1372,563,2025-03-08,14.981545,4560.884974
3062,1714,549,2025-04-06,3.071238,1103.306342
3063,241,667,2025-04-04,9.420441,4798.123584
3064,1802,547,2025-04-08,19.963937,4138.564488
3065,603,575,2025-03-16,8.354308,4714.817369
3066,812,608,2025-02-04,16.253786,2388.200104
3067,1108,661,2025-01-29,15.691090,3802.845832
3068,1732,354,2025-02-22,15.224457,2585.453938
3069,1032,723,2025-03-31,22.735130,2793.649539
3070,380,573,2025-01-01,20.847859,4751.958730
3071,1565,912,2025-03-06,1.096445,428.164753
3072,378,653,2025-04-20,17.523231,498.995689
3073,114,599,2025-03-19,16.994638,3687.762447
3074,632,323,2025-01-27,10.014153,1272.586789
3075,1033,743,2025-02-13,4.274624,3538.221093
3076,168,141,2025-01-21,14.063776,1393.193047
3077,655,329,2025-02-17,6.683149,70.159345
3078,1016,486,2025-04-12,19.488409,2727.793721
3079,59,77,2025-01-07,15.778690,551.274155
3080,1733,174,2025-03-16,23.845849,4733.364210
3081,968,138,2025-03-13,13.078763,4863.216501
3082,447,501,2025-04-24,11.214533,3093.990178
3083,1970,677,2025-04-17,21.975976,2611.004768
3084,8,720,2025-02-19,6.447428,574.981313
3085,1868,642,2025-03-22,9.456959,2998.832028
3086,1736,459,2025-03-29,23.885988,1745.088873
3087,1791,496,2025-01-03,2.839518,1914.822507
3088,74,334,2025-03-04,8.108617,484.669045
3089,1680,595,2025-02-10,17.909795,3260.394527
3090,805,637,2025-01-19,1.039507,111.602464
3091,439,205,2025-03-05,11.506294,934.450782
3092,1998,190,2025-04-19,20.530967,4457.226803
3093,501,962,2025-03-11,13.446664,179.033677
3094,1469,48,2025-02-18,14.454147,552.545451
3095,1571,971,2025-01-29,11.014621,1008.091152
3096,1814,917,2025-02-11,2.294169,4210.698742
3097,418,541,2025-03-29,13.523949,627.868056
3098,1613,212,2025-01-06,10.372434,410.627397
3099,788,771,2025-01-06,21.458649,1220.758932
3100,967,835,2025-04-12,3.972584,4430.139277
3101,1096,345,2025-03-18,8.760841,3549.042225
3102,1216,461,2025-01-23,9.786962,1268.577564
3103,1086,792,2025-02-01,4.212159,1810.360913
3104,1490,899,2025-01-05,17.838632,238.131945
3105,668,180,2025-03-24,23.669060,3132.999720
3106,550,130,2025-01-15,7.984753,783.978798
3107,1245,414,2025-02-04,8.810969,4812.592803
3108,1901,268,2025-04-23,6.766560,529.290482
3109,359,864,2025-04-18,18.026352,2198.095299
3110,1067,649,2025-04-16,1.251298,150.433570
3111,1341,504,2025-03-19,4.986397,4565.887575
3112,183,214,2025-02-08,21.700462,43.314679
3113,1000,242,2025-02-28,19.784370,1522.171216
3114,933,605,2025-04-04,22.383432,2945.518918
3115,1475,492,2025-03-19,16.138225,2239.226296
3116,533,338,2025-01-28,18.553664,4633.832528
3117,1747,578,2025-01-10,16.019046,3324.990053
3118,1636,45,2025-04-17,2.561465,2610.902018
3119,117,234,2025-02-10,15.590161,1986.240634
3120,1351,40,2025-01-19,11.507565,4033.461486
3121,3,279,2025-01-15,5.883580,4886.401394
3122,1625,105,2025-01-03,4.575270,641.013239
3123,1348,746,2025-02-10,23.550675,4649.306636
3124,783,609,2025-02-12,20.022532,798.343205
3125,739,641,2025-02-18,18.992404,4253.016927
3126,1735,911,2025-02-10,3.581023,1095.503597
3127,1522,446,2025-03-19,7.529874,3250.056430
3128,1436,541,2025-04-06,12.125384,2574.387817
3129,748,327,2025-01-13,11.820340,3254.704862
3130,612,610,2025-01-29,11.338144,3732.227958
3131,1824,13,2025-02-25,1.665314,4690.856810
3132,104,870,2025-04-18,2.409541,1817.897677
3133,1574,895,2025-03-14,14.850088,1206.471816
3134,410,534,2025-02-26,15.193405,1338.930316
3135,673,70,2025-04-12,22.768099,521.335374
3136,915,198,2025-01-21,11.223909,3893.809868
3137,1816,133,2025-04-06,22.991315,1441.170065
3138,1502,539,2025-03-06,1.816281,2255.748480
3139,1351,566,2025-04-23,12.360931,2921.829474
3140,1209,505,2025-01-06,4.485143,1372.440476
3141,838,689,2025-02-10,20.501929,1869.182375
3142,806,950,2025-01-13,20.170084,4361.452668
3143,1120,380,2025-01-15,5.863290,4908.077580
3144,1565,427,2025-01-08,1.821784,4011.940095
3145,210,411,2025-04-16,23.490567,4183.676976
3146,598,338,2025-03-24,3.069727,3138.224692
3147,628,384,2025-01-22,14.774812,2344.822110
3148,60,717,2025-04-23,0.755132,3276.629643
3149,301,963,2025-01-18,10.124044,3024.998780
3150,1855,983,2025-03-12,5.787376,3783.870850
3151,165,366,2025-03-07,1.205829,2846.551871
3152,371,329,2025-02-21,2.723514,4359.723692
3153,1390,501,2025-03-29,23.481127,1491.317036
3154,1969,534,2025-03-17,21.477389,3448.337414
3155,1803,910,2025-04-09,17.846566,661.236723
3156,850,870,2025-01-21,18.677563,789.986808
3157,1935,162,2025-01-18,10.606781,1506.266584
3158,1629,461,2025-03-23,6.508740,1270.030826
3159,758,580,2025-01-29,7.347433,1154.186397
3160,526,844,2025-03-15,1.153936,720.954432
3161,1976,786,2025-04-23,2.888051,1615.001337
3162,746,318,2025-01-07,19.411129,2082.583734
3163,1171,451,2025-03-04,17.064437,3010.665699
3164,153,890,2025-02-21,17.211979,4731.774999
3165,235,534,2025-01-28,11.347147,2333.571494
3166,1327,952,2025-02-13,20.979752,3058.899398
3167,1253,373,2025-02-23,8.157616,1528.516204
3168,1833,857,2025-01-31,15.892493,3394.275525
3169,466,938,2025-01-08,7.194133,1002.898827
3170,396,921,2025-01-02,19.678051,4888.339181
3171,857,505,2025-02-10,18.484710,553.064623
3172,1060,996,2025-04-03,9.427051,4847.086879
3173,377,135,2025-04-03,7.037777,465.483114
3174,756,812,2025-01-17,11.348635,1296.913028
3175,1702,349,2025-03-01,14.772374,2809.543628
3176,896,92,2025-01-26,2.331962,2353.369369
3177,488,417,2025-02-16,20.012019,4345.376646
3178,1366,39,2025-01-09,8.974526,2254.666653
3179,973,537,2025-03-16,16.522649,3422.412538
3180,1931,237,2025-04-02,23.409717,3326.055763
3181,957,931,2025-01-23,13.593765,3475.559963
3182,1831,297,2025-01-10,3.421884,4945.154860
3183,1051,480,2025-01-06,17.573700,4671.684556
3184,1655,377,2025-04-21,11.769604,3231.204137
3185,103,791,2025-01-26,10.730611,3392.090488
3186,1601,144,2025-02-25,4.575761,4558.179268
3187,273,976,2025-02-20,19.795799,1710.694658
3188,645,652,2025-03-24,21.259086,1960.941615
3189,1756,513,2025-03-28,8.707051,1009.523702
3190,928,27,2025-04-16,8.163209,2863.310090
3191,1146,396,2025-03-20,16.619033,2771.071883
3192,1582,3,2025-01-28,3.826006,2702.771366
3193,1629,389,2025-01-22,3.880040,4114.818624
3194,1987,38,2025-01-20,6.608654,4946.982630
3195,1089,61,2025-04-17,21.471629,1728.384604
3196,1182,492,2025-01-07,23.557017,1094.221437
3197,1329,598,2025-01-25,18.101968,2949.500395
3198,1400,668,2025-02-15,13.720316,1491.139039
3199,551,615,2025-04-16,5.759249,3900.816636
3200,1049,197,2025-01-25,8.930932,632.217483
3201,84,552,2025-04-23,11.231310,2799.007045
3202,1490,521,2025-03-01,15.033958,3958.536239
3203,189,697,2025-01-10,10.785773,3469.066613
3204,292,499,2025-01-26,17.264787,3209.782339
3205,778,255,2025-03-10,12.054604,3519.833610
3206,1726,806,2025-01-19,16.492573,2216.060541
3207,579,290,2025-03-25,23.665980,978.654058
3208,608,473,2025-03-14,5.946736,3901.588682
3209,405,345,2025-01-11,16.241050,2386.444881
3210,442,489,2025-04-13,1.415932,439.530859
3211,977,610,2025-03-19,19.603124,1977.873512
3212,1604,167,2025-03-17,10.369434,4093.402233
3213,1486,979,2025-01-02,21.301739,859.527695
3214,281,410,2025-04-14,9.598301,3926.895715
3215,178,909,2025-02-11,19.735772,2014.176963
3216,587,605,2025-01-30,13.636623,4848.180286
3217,659,617,2025-02-27,19.392807,3641.149705
3218,1141,24,2025-03-03,0.534850,671.276576
3219,875,35,2025-01-21,7.580272,2698.929964
3220,1646,347,2025-04-20,5.931415,3406.929144
3221,1226,107,2025-02-06,15.919124,1086.421475
3222,1378,475,2025-03-07,15.783435,429.416063
3223,1366,906,2025-03-09,7.290299,114.659056
3224,1663,805,2025-01-24,9.504001,23.677857
3225,1504,763,2025-01-30,23.683774,1020.864303
3226,1010,606,2025-02-21,17.683678,3520.814677
3227,1822,886,2025-01-02,18.591196,4103.607292
3228,120,942,2025-04-09,23.055573,58.504448
3229,1821,870,2025-01-06,1.939620,1178.637479
3230,1012,605,2025-01-04,20.425144,3213.248978
3231,1097,948,2025-02-08,1.415080,3646.930324
3232,796,265,2025-03-21,23.100823,384.154405
3233,1386,838,2025-02-11,1.642290,2466.338102
3234,545,302,2025-01-13,20.384625,442.146859
3235,1986,138,2025-02-24,10.779144,3112.383735
3236,747,150,2025-04-02,10.130471,2927.723047
3237,538,929,2025-04-24,9.936956,4987.946495
3238,1530,700,2025-02-19,10.101776,4023.204200
3239,1449,682,2025-01-18,22.171681,1644.880270
3240,197,742,2025-01-14,5.122596,483.015072
3241,871,491,2025-03-07,6.505552,2229.274306
3242,1717,574,2025-04-22,7.722409,4392.274060
3243,426,141,2025-03-05,7.098593,2617.227177
3244,1018,117,2025-03-02,11.972527,591.213867
3245,220,520,2025-02-10,14.168074,3516.142755
3246,150,219,2025-03-29,7.883891,3051.399708
3247,1404,661,2025-01-31,21.640269,2853.845388
3248,438,138,2025-03-11,4.132610,330.987455
3249,125,320,2025-03-07,1.600469,3991.897037
3250,181,710,2025-04-21,21.590484,3877.424254
3251,185,226,2025-02-13,6.363290,4542.755463
3252,1014,958,2025-04-02,23.363093,4871.693677
3253,734,542,2025-01-13,14.523902,342.019336
3254,677,913,2025-01-30,3.760700,1572.093639
3255,611,868,2025-03-31,11.662043,3655.882173
3256,1772,308,2025-04-11,8.851505,2884.008681
3257,1885,735,2025-01-15,2.014394,3907.253067
3258,1743,837,2025-01-11,4.781357,826.478648
3259,1346,961,2025-03-29,9.084113,2933.491247
3260,473,74,2025-01-16,18.549863,4012.285890
3261,438,639,2025-04-03,5.570352,1104.240256
3262,1102,684,2025-01-30,13.079546,2937.365020
3263,743,322,2025-02-23,4.764767,3602.778345
3264,1905,121,2025-03-05,5.189833,4191.466942
3265,968,405,2025-03-18,18.745922,640.740723
3266,1305,627,2025-02-03,4.401007,3479.627143
3267,220,893,2025-02-16,7.683083,3605.885953
3268,1756,101,2025-03-14,16.569380,2530.231309
3269,1055,520,2025-01-18,20.583394,267.255970
3270,1177,35,2025-02-15,9.322278,4136.297597
3271,1077,608,2025-01-02,21.322664,4296.592538
3272,126,83,2025-04-04,14.793829,477.842746
3273,618,533,2025-01-21,11.754190,344.782197
3274,103,524,2025-03-18,2.423468,1370.111217
3275,1471,124,2025-01-06,17.125818,4748.090169
3276,1997,586,2025-03-22,11.671941,2232.200213
3277,61,793,2025-03-24,6.127901,4797.492142
3278,1662,364,2025-04-21,12.105767,2824.813990
3279,1407,949,2025-01-31,9.558470,2033.576462
3280,1987,478,2025-04-24,21.333914,76.546881
3281,72,637,2025-02-28,3.550354,4636.670471
3282,1087,240,2025-03-26,10.410705,3741.530606
3283,909,511,2025-03-29,8.524558,1860.314144
3284,655,664,2025-03-10,12.976124,3821.092048
3285,50,69,2025-02-13,19.484293,3230.253913
3286,1677,664,2025-02-20,0.697919,4631.327099
3287,692,746,2025-01-31,13.094251,802.670031
3288,777,339,2025-04-14,6.911175,3558.408216
3289,1222,116,2025-01-23,13.982869,3811.284562
3290,810,797,2025-02-07,15.695461,4300.053062
3291,1336,996,2025-03-01,16.535509,976.073712
3292,1539,248,2025-02-14,23.524354,2747.818313
3293,893,937,2025-02-24,10.661035,2574.978582
3294,359,324,2025-01-15,14.170321,2158.840711
3295,347,828,2025-01-24,11.109487,476.440593
3296,96,393,2025-01-07,19.585816,3286.955506
3297,1133,806,2025-01-10,2.272908,950.204429
3298,1270,146,2025-03-29,11.075247,2505.167978
3299,111,63,2025-03-29,14.859686,2713.536026
3300,529,154,2025-04-02,5.316227,2451.420912
3301,567,590,2025-02-25,15.618437,693.115318
3302,1926,762,2025-03-31,18.502551,1300.846640
3303,1714,877,2025-02-01,8.382602,1327.958836
3304,976,497,2025-03-27,12.040126,2029.462658
3305,837,239,2025-03-25,0.510858,2235.560261
3306,714,21,2025-02-25,11.293763,3100.635299
3307,1348,593,2025-03-19,3.275922,2667.044049
3308,1815,660,2025-03-14,3.119821,2999.801440
3309,1342,829,2025-04-08,14.257671,2743.070748
3310,1105,186,2025-03-21,4.987478,4411.716222
3311,1086,5,2025-03-06,7.804512,3633.644134
3312,23,968,2025-01-15,6.712012,3551.556512
3313,503,567,2025-04-02,18.496420,718.189239
3314,340,456,2025-02-08,2.294768,1485.211410
3315,1191,304,2025-03-08,19.110934,2336.599857
3316,462,829,2025-02-11,6.376108,4385.060374
3317,1234,336,2025-04-20,12.156007,361.902344
3318,1400,446,2025-01-08,19.197704,3123.841998
3319,937,189,2025-02-27,8.121230,3163.922706
3320,788,244,2025-01-03,1.044851,4568.581111
3321,1506,632,2025-02-21,4.283450,187.649640
3322,770,586,2025-04-23,12.587732,4350.105257
3323,53,317,2025-01-31,18.819251,3082.236209
3324,1468,472,2025-03-02,6.882740,2431.466262
3325,498,181,2025-04-06,17.030496,1376.906202
3326,1156,455,2025-02-09,20.980426,1420.941072
3327,532,510,2025-02-10,16.473275,1668.955541
3328,910,371,2025-03-25,13.160998,3873.365237
3329,757,121,2025-04-02,18.186603,3851.520678
3330,286,402,2025-03-21,23.286030,3778.083212
3331,583,807,2025-03-21,3.930744,1640.240288
3332,1539,458,2025-03-10,15.748856,1230.931931
3333,1255,769,2025-01-10,4.544356,2356.482285
3334,661,644,2025-03-21,18.673060,497.739614
3335,823,352,2025-01-21,7.665146,2223.344702
3336,440,897,2025-03-26,13.587626,3308.033993
3337,469,5,2025-01-23,13.983853,4945.631657
3338,1531,880,2025-03-19,15.824050,946.096458
3339,453,68,2025-04-19,0.744170,2519.213671
3340,1701,798,2025-01-08,18.769464,2742.086667
3341,1680,167,2025-04-23,3.195226,502.839887
3342,1827,131,2025-01-06,12.675342,2992.393069
3343,1557,877,2025-01-13,16.293876,4807.292313
3344,143,405,2025-01-26,6.527941,4719.335828
3345,686,165,2025-03-13,13.550388,2638.518572
3346,1273,389,2025-03-07,17.646738,4150.369273
3347,490,341,2025-01-02,20.646736,4176.524542
3348,808,946,2025-01-20,8.048447,1855.348246
3349,710,728,2025-02-11,18.680011,152.070153
3350,789,241,2025-03-22,12.318407,2379.911925
3351,1733,320,2025-01-21,5.426623,2816.994297
3352,1649,937,2025-03-04,18.590476,1540.930485
3353,363,573,2025-02-21,16.157365,1150.848336
3354,1531,143,2025-03-30,11.403860,4686.746257
3355,1405,631,2025-01-26,7.772109,4699.685753
3356,1003,493,2025-02-20,4.876313,149.573103
3357,798,710,2025-03-02,14.806098,4744.095609
3358,864,164,2025-04-14,17.986845,593.551030
3359,826,572,2025-03-04,10.587677,1042.060713
3360,1422,183,2025-01-25,15.606314,817.729974
3361,956,393,2025-02-16,22.744872,3919.281150
3362,1968,244,2025-03-06,22.505208,4358.257597
3363,723,964,2025-01-18,4.438965,910.686505
3364,876,933,2025-01-29,19.472173,2095.730173
3365,968,608,2025-04-10,4.346837,2733.448250
3366,1021,314,2025-01-14,4.963659,1313.290386
3367,673,175,2025-03-05,15.185123,4285.733149
3368,529,64,2025-04-10,20.153643,1808.290272
3369,1149,64,2025-03-13,1.637816,4458.473817
3370,1924,171,2025-03-05,16.249289,1858.439841
3371,131,568,2025-03-16,18.943532,496.974735
3372,1355,615,2025-01-29,7.660723,3533.840240
3373,1846,242,2025-03-18,3.759351,989.659453
3374,1212,594,2025-03-31,6.536704,4817.767938
3375,33,408,2025-03-18,1.686626,583.248901
3376,786,31,2025-03-13,14.632459,903.884949
3377,264,437,2025-02-27,7.973643,4307.255251
3378,1652,893,2025-01-29,3.152864,3162.787347
3379,1419,733,2025-04-08,23.973908,439.072635
3380,307,426,2025-03-09,1.539676,4025.940374
3381,1209,494,2025-01-12,3.839143,4691.835251
3382,1169,50,2025-04-23,19.528425,4797.398828
3383,862,74,2025-03-19,19.154254,1855.008658
3384,628,811,2025-04-05,21.948840,3161.965731
3385,479,116,2025-02-02,16.223893,1517.320035
3386,1169,551,2025-03-09,17.915273,2904.248269
3387,1603,765,2025-03-16,15.299707,411.997488
3388,1265,198,2025-02-22,23.775845,2721.881973
3389,266,367,2025-02-20,10.534740,1879.817808
3390,1346,773,2025-03-26,9.545375,852.102634
3391,878,899,2025-01-30,6.663705,3868.817821
3392,1920,421,2025-02-16,8.318746,2478.071434
3393,916,852,2025-03-08,21.312835,4013.036373
3394,226,966,2025-02-02,5.171635,4625.021067
3395,261,247,2025-01-25,3.176623,3863.406052
3396,466,563,2025-04-20,10.660045,3892.723017
3397,404,537,2025-04-08,1.724365,2540.895200
3398,201,969,2025-01-26,10.333377,2666.143174
3399,816,241,2025-03-08,8.132048,4840.361347
3400,1109,128,2025-04-06,17.975711,1709.756783
3401,263,462,2025-03-06,7.024780,835.026160
3402,657,356,2025-02-12,19.541465,576.544470
3403,1562,833,2025-03-28,5.567308,723.111085
3404,1247,773,2025-03-25,2.750761,4914.133212
3405,1834,322,2025-01-11,2.353431,4409.389135
3406,1803,664,2025-01-22,12.311569,1254.753355
3407,1893,449,2025-01-03,19.044287,422.515029
3408,1330,703,2025-02-13,16.952096,174.608913
3409,35,8,2025-01-17,3.365812,3088.300933
3410,1610,436,2025-01-16,1.184529,2023.625460
3411,431,214,2025-01-21,16.198374,1452.552912
3412,1592,458,2025-04-11,2.839253,2195.913966
3413,1655,546,2025-03-14,19.268561,1590.465670
3414,746,352,2025-04-16,0.889464,3411.146337
3415,1117,487,2025-03-23,15.041185,2464.566427
3416,1105,468,2025-02-16,3.654878,4619.822263
3417,1155,744,2025-01-13,10.024619,1426.828793
3418,273,603,2025-04-12,10.801386,4981.425154
3419,1911,827,2025-03-31,8.301990,4431.086827
3420,1198,28,2025-04-23,23.963575,62.380368
3421,35,497,2025-01-26,10.864951,2269.615016
3422,333,512,2025-02-12,8.982155,1451.160582
3423,456,504,2025-03-31,1.154653,3927.709031
3424,882,278,2025-04-18,8.624962,4292.799301
3425,215,707,2025-01-04,18.698648,2259.355281
3426,1580,499,2025-03-05,8.347515,1791.419966
3427,1316,306,2025-03-19,18.801188,3885.084080
3428,1087,761,2025-02-22,23.826674,3332.037766
3429,1676,772,2025-03-15,17.842063,1493.303979
3430,342,433,2025-03-06,13.258400,3595.573721
3431,1815,311,2025-01-20,4.786997,3625.053009
3432,1388,508,2025-01-04,6.045969,3198.364848
3433,203,244,2025-03-07,2.896528,1659.668239
3434,495,385,2025-03-31,18.426972,3210.358799
3435,74,828,2025-01-24,8.843752,4332.050618
3436,962,938,2025-03-20,5.779809,2099.184931
3437,1468,125,2025-03-12,21.214262,4902.406514
3438,860,48,2025-04-07,2.541153,3918.007464
3439,946,876,2025-02-22,21.421799,4608.795182
3440,353,345,2025-01-31,19.074620,863.566433
3441,1329,308,2025-03-29,5.408198,4547.148009
3442,264,400,2025-01-31,20.644966,1724.165490
3443,1099,540,2025-03-24,12.482698,953.267088
3444,962,432,2025-01-15,22.978009,4541.886905
3445,1616,500,2025-03-06,8.298518,2110.637669
3446,745,296,2025-03-21,7.380836,2708.729853
3447,82,559,2025-04-07,8.441793,3163.536405
3448,1475,10,2025-01-18,6.010173,925.420954
3449,1965,85,2025-02-28,12.529798,143.520043
3450,1618,432,2025-03-07,22.534377,2482.075954
3451,452,82,2025-01-30,20.742640,2475.455054
3452,615,387,2025-03-31,21.912761,3244.197016
3453,729,356,2025-04-13,2.318484,598.812473
3454,733,269,2025-04-13,5.692240,3159.279439
3455,391,126,2025-02-01,20.396022,628.270519
3456,1976,556,2025-04-04,20.358676,283.996515
3457,42,723,2025-02-17,16.127440,2571.497312
3458,91,407,2025-03-21,8.404204,1792.189873
3459,1615,774,2025-03-08,15.380343,684.190852
3460,1639,380,2025-04-06,15.090863,4489.019078
3461,390,633,2025-01-16,21.854555,555.035459
3462,139,567,2025-04-06,8.107258,2279.733189
3463,909,799,2025-01-16,19.388261,4259.865753
3464,1085,400,2025-03-07,3.986536,3910.208267
3465,884,259,2025-04-10,20.877831,2494.727113
3466,1930,305,2025-04-08,19.838640,1430.656623
3467,545,760,2025-02-02,18.761539,67.220748
3468,711,135,2025-01-11,17.130427,1151.582456
3469,1951,136,2025-04-23,12.210191,2591.046330
3470,1385,324,2025-02-23,18.423075,1896.576760
3471,582,676,2025-01-12,5.782200,1726.066162
3472,1955,242,2025-03-22,3.310814,2834.238309
3473,1557,443,2025-02-10,2.470785,3267.038104
3474,454,792,2025-03-22,4.871736,2651.594444
3475,1681,615,2025-04-06,19.668914,4739.896246
3476,1840,46,2025-04-14,12.789178,1814.305741
3477,223,988,2025-03-21,1.280724,2203.289196
3478,1294,358,2025-02-14,7.972060,535.946270
3479,237,950,2025-04-20,9.328991,1915.548405
3480,1123,200,2025-03-28,4.754478,1347.806887
3481,795,894,2025-02-10,19.770937,344.306348
3482,575,94,2025-02-14,18.773995,3935.557803
3483,247,169,2025-04-20,19.901063,1008.875686
3484,1710,877,2025-04-09,3.737456,531.479803
3485,276,296,2025-02-15,22.443176,3459.966759
3486,648,10,2025-01-29,7.090281,2707.201106
3487,813,586,2025-03-12,8.818442,4109.309330
3488,591,278,2025-01-21,10.944910,2802.414260
3489,1253,74,2025-02-17,20.201609,2119.857238
3490,87,299,2025-02-28,11.196865,1354.857904
3491,150,433,2025-03-04,20.552723,3042.853708
3492,38,210,2025-02-11,3.214494,4416.099981
3493,819,391,2025-01-03,9.785816,4953.962839
3494,285,253,2025-03-06,11.259420,1894.885652
3495,1271,130,2025-03-29,21.091949,4982.944327
3496,1605,912,2025-03-01,1.920769,4146.441720
3497,1126,895,2025-02-20,20.849736,4406.338994
3498,217,576,2025-04-04,15.612846,301.452124
3499,1991,177,2025-03-28,6.182405,2475.997625
3500,1962,441,2025-03-20,12.762343,4169.832720
3501,1795,737,2025-02-27,3.407360,1734.646820
3502,542,504,2025-04-19,4.773123,285.207807
3503,1984,404,2025-01-18,13.348279,1923.641843
3504,1619,173,2025-02-22,17.431284,2192.106442
3505,1272,153,2025-04-01,16.957412,2484.442410
3506,1435,594,2025-01-01,17.758573,585.095679
3507,1217,830,2025-02-17,19.857672,3590.466310
3508,221,4,2025-02-23,4.165619,3365.097739
3509,491,918,2025-02-19,12.996085,1969.587335
3510,1820,279,2025-03-25,6.293838,3851.072701
3511,1960,14,2025-01-08,11.426675,2406.435692
3512,1871,921,2025-01-23,21.222298,2482.701765
3513,906,562,2025-02-04,1.511320,705.799147
3514,1071,977,2025-04-12,5.955677,3074.755318
3515,656,921,2025-04-16,11.575315,4481.410398
3516,563,973,2025-04-18,23.607459,4425.619907
3517,251,912,2025-01-07,1.820298,793.237658
3518,936,71,2025-02-12,0.515199,4874.229001
3519,773,686,2025-01-07,16.043900,2998.968398
3520,1763,299,2025-01-23,11.514355,30.060045
3521,1204,454,2025-04-16,5.014143,2331.586420
3522,1353,709,2025-02-25,0.970881,4956.817867
3523,872,559,2025-03-14,7.039489,4268.267877
3524,451,762,2025-03-24,11.349312,4732.733079
3525,1805,455,2025-04-24,16.538883,2077.006701
3526,1292,66,2025-01-01,10.821269,4652.474211
3527,265,729,2025-02-25,19.069288,73.593911
3528,424,392,2025-01-17,21.504154,4944.495889
3529,1093,835,2025-04-13,10.429752,4255.678230
3530,1676,6,2025-01-18,14.913291,3028.472271
3531,1534,797,2025-04-24,10.536471,479.866467
3532,1002,191,2025-01-04,14.868498,945.199545
3533,270,552,2025-01-19,13.393557,1364.572201
3534,529,16,2025-03-17,0.747662,969.210747
3535,666,880,2025-01-06,9.683140,3225.161160
3536,438,588,2025-03-10,1.243182,3232.069846
3537,1265,562,2025-02-11,3.707268,637.607110
3538,533,31,2025-02-07,2.695846,2004.939685
3539,666,593,2025-02-11,19.174847,2244.624848
3540,421,372,2025-01-21,20.650202,2159.283842
3541,875,621,2025-01-07,18.492754,2027.060280
3542,106,304,2025-04-09,2.849482,3014.707202
3543,1474,866,2025-04-18,23.126058,217.929546
3544,552,168,2025-02-23,21.369231,4741.606660
3545,1263,394,2025-01-04,12.674120,2435.683444
3546,589,295,2025-01-09,13.784191,325.765389
3547,126,830,2025-01-10,17.027652,1532.620152
3548,253,989,2025-01-20,2.688998,2810.209833
3549,675,543,2025-03-20,6.957204,2587.030526
3550,2,425,2025-02-28,3.360087,3362.967330
3551,278,779,2025-03-12,15.679639,4187.039061
3552,460,602,2025-03-04,17.467536,1431.836667
3553,38,693,2025-02-15,17.269886,307.186206
3554,791,695,2025-03-02,2.028284,1085.614187
3555,513,207,2025-02-09,18.792907,1181.349507
3556,737,582,2025-03-11,2.397434,4161.428465
3557,1233,490,2025-02-04,12.617432,4743.842080
3558,1574,485,2025-03-06,13.709086,723.439961
3559,1353,703,2025-01-31,12.944186,280.194133
3560,1680,830,2025-01-19,23.024299,3143.278047
3561,1538,57,2025-04-06,9.323623,495.900940
3562,119,886,2025-02-24,2.029001,62.642673
3563,585,635,2025-03-07,22.903688,3620.310026
3564,1203,636,2025-02-04,4.025107,1838.618274
3565,448,199,2025-03-10,15.359407,2467.319093
3566,257,257,2025-01-15,0.652312,1565.245657
3567,244,528,2025-03-16,18.840347,4372.473388
3568,948,714,2025-02-04,5.062295,4021.057099
3569,1313,543,2025-01-17,15.955245,4700.649469
3570,1108,675,2025-03-27,9.807224,4190.182566
3571,1638,872,2025-03-07,11.641253,41.440462
3572,1333,765,2025-02-05,1.812328,3390.960726
3573,812,869,2025-03-07,13.875366,1160.814367
3574,465,456,2025-03-11,14.689065,1112.415927
3575,170,557,2025-03-16,13.436055,585.924491
3576,783,536,2025-02-14,22.459263,3624.571274
3577,1530,610,2025-02-27,7.310578,708.179856
3578,741,949,2025-01-07,19.111095,166.701461
3579,716,170,2025-04-15,21.969905,1634.516171
3580,599,561,2025-04-15,13.337288,2930.823926
3581,380,439,2025-04-09,9.736938,1163.076678
3582,1545,528,2025-01-27,11.659402,3554.001932
3583,1605,337,2025-02-20,20.090284,2918.610623
3584,1993,592,2025-04-11,3.986314,291.227112
3585,1210,688,2025-03-30,14.733914,4834.233539
3586,1233,698,2025-02-13,19.410523,3019.567558
3587,1311,170,2025-01-16,9.443507,2374.503198
3588,1230,851,2025-01-31,9.921791,3651.978061
3589,513,620,2025-02-08,14.044147,3095.680176
3590,1111,717,2025-03-22,14.866000,4577.827307
3591,1314,149,2025-02-02,14.405671,1857.271763
3592,510,869,2025-01-25,1.841706,3209.113450
3593,1182,104,2025-01-13,14.016751,3753.282911
3594,746,380,2025-04-17,9.115341,1566.981583
3595,1754,146,2025-04-22,13.539084,945.874604
3596,1010,903,2025-01-07,4.862397,2197.563507
3597,1395,577,2025-02-14,18.992465,3365.395632
3598,660,939,2025-03-06,1.870182,2988.377981
3599,78,19,2025-04-12,15.044663,224.502927
3600,466,782,2025-04-02,6.953460,4262.400455
3601,1414,734,2025-04-11,15.627007,3527.383951
3602,1445,953,2025-03-12,5.290502,4503.610091
3603,566,64,2025-03-05,14.423054,2772.561655
3604,1052,898,2025-04-02,23.107568,2263.259900
3605,374,221,2025-01-18,4.443360,1370.374947
3606,698,527,2025-03-21,1.091447,1303.549839
3607,206,196,2025-01-19,7.023503,3025.069592
3608,1985,815,2025-01-28,12.013786,2558.025564
3609,4,871,2025-04-11,15.822654,3705.896587
3610,1501,270,2025-04-08,8.887835,1906.606335
3611,55,540,2025-01-07,23.541532,880.749130
3612,1510,522,2025-02-22,1.342669,2954.519489
3613,28,783,2025-01-10,10.542230,4256.257787
3614,265,949,2025-04-18,3.004887,4825.755461
3615,408,661,2025-02-25,13.170237,2258.674695
3616,586,797,2025-04-09,17.496006,131.214978
3617,1730,572,2025-03-04,22.858342,576.331749
3618,983,227,2025-04-23,4.020729,3443.355627
3619,1704,262,2025-01-03,16.716788,1525.233721
3620,677,571,2025-03-29,7.268637,2693.555993
3621,1088,257,2025-03-25,19.909562,65.571034
3622,319,659,2025-01-08,13.061370,2689.258726
3623,1614,440,2025-03-24,9.629515,475.253383
3624,12,28,2025-02-19,18.501510,2688.392186
3625,129,307,2025-01-04,8.431559,1558.983903
3626,1587,797,2025-03-13,12.783882,1523.639012
3627,1562,744,2025-04-16,1.591645,4177.237118
3628,1145,48,2025-03-14,14.656912,1142.078328
3629,1577,940,2025-01-26,16.601700,1905.488155
3630,1298,705,2025-03-25,8.877186,514.550657
3631,1974,571,2025-03-27,8.382839,853.374437
3632,696,361,2025-02-08,13.415696,4131.705804
3633,1440,241,2025-03-31,17.543811,2975.485071
3634,474,830,2025-02-27,2.467072,1296.089885
3635,853,781,2025-04-07,3.214910,1519.804560
3636,398,654,2025-03-01,10.078474,3325.331705
3637,1778,941,2025-01-11,8.331924,3556.421277
3638,1040,590,2025-03-14,2.018358,1818.095349
3639,377,605,2025-02-13,13.445086,493.205733
3640,118,592,2025-04-01,23.544179,4001.483166
3641,634,961,2025-04-20,0.871077,2459.526545
3642,1749,236,2025-04-19,3.158810,2244.028283
3643,879,90,2025-01-12,4.537462,4097.667395
3644,630,390,2025-01-30,0.999149,3483.317642
3645,1683,631,2025-03-28,5.150044,2718.081058
3646,1515,811,2025-03-01,0.955481,2554.517739
3647,1755,600,2025-03-26,14.711941,1144.655269
3648,1918,30,2025-03-31,5.880015,955.927924
3649,1551,665,2025-04-11,16.141230,3138.813569
3650,1550,859,2025-01-10,19.378765,3516.587131
3651,1669,764,2025-03-21,22.901733,1683.229202
3652,876,526,2025-03-08,8.793012,157.587064
3653,869,73,2025-03-05,17.164143,3376.440121
3654,1494,659,2025-02-24,8.468031,2789.774572
3655,843,619,2025-03-07,12.357054,4067.181365
3656,1823,372,2025-01-04,5.991865,1967.161692
3657,1084,596,2025-04-10,5.798958,2957.906573
3658,442,327,2025-01-11,15.133890,2164.957955
3659,1128,391,2025-04-05,9.984367,2631.334991
3660,508,614,2025-02-05,19.845253,2293.693133
3661,1138,424,2025-04-15,1.508321,1522.350933
3662,1480,964,2025-04-07,6.742235,1993.703902
3663,1965,363,2025-04-16,5.667632,3853.794220
3664,1067,680,2025-02-07,22.504072,3505.996825
3665,359,454,2025-04-09,7.524627,2909.114637
3666,1214,393,2025-04-20,10.504376,4603.313273
3667,1459,554,2025-02-09,23.130726,2912.854622
3668,1084,806,2025-04-01,4.767570,4449.498899
3669,1948,383,2025-04-22,7.971644,1574.837909
3670,1126,592,2025-01-16,8.603420,3022.431149
3671,222,900,2025-02-21,7.181311,1956.050604
3672,247,380,2025-03-06,14.088120,4314.318923
3673,1058,409,2025-02-05,1.412914,1967.276459
3674,1608,703,2025-04-22,3.426755,2910.316801
3675,28,624,2025-02-08,7.637988,4843.000391
3676,484,732,2025-02-18,23.889029,134.418008
3677,955,188,2025-02-26,14.821781,93.757412
3678,494,272,2025-04-17,19.569727,1692.344757
3679,333,446,2025-03-25,7.571884,4616.008098
3680,1979,287,2025-02-23,11.846385,425.560471
3681,1650,504,2025-03-14,10.656443,1796.103869
3682,1233,852,2025-01-11,1.671860,4400.465358
3683,1969,644,2025-02-25,17.542258,4885.074207
3684,1783,163,2025-01-17,6.157104,431.365718
3685,1067,650,2025-02-08,10.678143,4188.530500
3686,824,936,2025-04-04,10.702243,1969.255852
3687,1018,710,2025-03-11,4.346180,1718.543704
3688,1925,663,2025-01-06,10.852215,4294.092559
3689,239,461,2025-04-23,4.998169,2768.255508
3690,1336,804,2025-04-04,9.895018,2574.919834
3691,1115,982,2025-01-30,14.244487,3254.915221
3692,293,519,2025-01-16,17.176380,1442.923414
3693,1890,323,2025-02-08,10.871983,4809.808285
3694,610,642,2025-04-04,19.301190,4458.223318
3695,794,110,2025-03-08,22.311606,3414.834955
3696,1233,790,2025-02-10,8.179366,4035.749006
3697,1949,570,2025-03-05,11.248570,2772.063520
3698,1300,395,2025-01-26,15.601512,1290.443007
3699,899,905,2025-04-20,20.727057,2358.354487
3700,9,321,2025-02-26,15.855934,1502.554658
3701,1764,485,2025-01-29,10.937977,4445.971017
3702,1434,245,2025-02-23,3.294418,1657.605078
3703,931,585,2025-01-08,0.711665,4580.523138
3704,401,878,2025-02-25,14.337544,2308.178691
3705,94,700,2025-01-02,20.422534,637.166788
3706,328,839,2025-01-30,15.187631,3849.724083
3707,808,271,2025-04-17,1.948547,1386.298196
3708,1380,479,2025-01-14,3.084058,695.571317
3709,733,478,2025-01-26,20.177619,3167.432821
3710,342,620,2025-04-21,21.132632,1686.791921
3711,1581,81,2025-04-02,11.159051,3447.433872
3712,782,812,2025-03-27,5.281822,3142.953016
3713,1008,540,2025-02-15,7.241241,1837.022901
3714,1486,27,2025-01-29,19.488613,3855.380089
3715,698,557,2025-01-13,22.150797,374.178162
3716,1466,714,2025-02-06,8.745284,3563.932265
3717,1135,601,2025-01-06,19.517584,2161.467691
3718,1946,367,2025-02-13,10.909489,3153.073540
3719,847,443,2025-01-16,10.297002,1685.842697
3720,1976,522,2025-01-06,4.523028,4636.488086
3721,886,452,2025-03-19,12.936632,506.444728
3722,852,650,2025-02-26,12.307143,1096.362099
3723,1849,910,2025-03-23,21.231002,221.937176
3724,1885,700,2025-03-01,22.737274,2125.011657
3725,146,3,2025-03-15,23.097479,3329.001156
3726,536,193,2025-03-03,22.001011,2607.575631
3727,807,91,2025-03-04,3.728352,609.834488
3728,1550,503,2025-04-09,0.526127,3016.067382
3729,847,632,2025-04-16,10.259165,148.919636
3730,1179,27,2025-01-19,5.031647,3109.934003
3731,1775,894,2025-02-06,0.796501,21.277928
3732,1678,787,2025-01-14,18.794209,3462.823304
3733,1074,597,2025-04-10,13.216054,831.621536
3734,632,335,2025-03-11,17.496210,789.463698
3735,933,875,2025-02-16,3.424296,796.820338
3736,648,704,2025-03-07,2.935714,1361.930909
3737,168,325,2025-04-18,22.127398,3822.200325
3738,94,140,2025-02-18,17.724467,4504.862371
3739,1181,179,2025-02-12,22.689233,4046.218906
3740,548,49,2025-03-29,12.349960,4147.154603
3741,1432,634,2025-04-03,23.736997,752.703614
3742,489,451,2025-03-01,4.069999,4787.349155
3743,7,318,2025-02-19,4.376552,2851.459459
3744,1934,429,2025-01-30,9.571748,3920.351852
3745,1806,126,2025-03-14,21.246152,2332.041226
3746,1511,231,2025-01-27,1.915103,4720.694072
3747,371,746,2025-02-28,18.886117,622.835640
3748,541,813,2025-03-29,17.336338,4531.075422
3749,318,935,2025-02-21,22.436300,2877.224472
3750,1764,119,2025-03-22,16.103800,1141.946852
3751,1488,745,2025-01-09,18.982765,2765.407339
3752,131,804,2025-04-24,23.178264,1981.163090
3753,353,566,2025-04-16,21.880606,3855.048272
3754,289,436,2025-04-10,1.661756,2570.791570
3755,1603,131,2025-04-07,19.019677,3101.679361
3756,1709,771,2025-02-21,23.863015,1648.478322
3757,168,860,2025-03-21,9.782534,1494.923230
3758,646,162,2025-02-02,4.665245,4600.596959
3759,1912,255,2025-02-17,18.426280,4396.088108
3760,1734,30,2025-01-20,13.873920,582.325857
3761,264,973,2025-03-25,0.899937,4430.601789
3762,137,423,2025-01-04,3.080474,1018.766127
3763,823,571,2025-01-29,3.369577,308.575801
3764,970,952,2025-04-04,8.741005,4616.093039
3765,824,703,2025-04-09,21.763031,1628.839590
3766,1509,335,2025-02-28,11.437641,806.942257
3767,891,956,2025-03-23,23.007054,2208.188295
3768,1378,662,2025-04-12,18.167564,3929.409138
3769,835,625,2025-02-09,20.512454,143.183133
3770,861,513,2025-03-22,19.502006,3753.550549
3771,292,701,2025-03-16,23.837538,4329.979970
3772,259,724,2025-03-28,21.380664,1297.757018
3773,824,518,2025-03-11,22.137852,947.123959
3774,66,375,2025-04-05,1.190404,3314.596741
3775,1021,924,2025-03-02,16.380367,4537.401413
3776,1637,948,2025-03-08,3.011085,1164.134705
3777,1592,201,2025-03-17,7.592974,1482.853407
3778,378,42,2025-01-07,12.519572,4982.043582
3779,1685,882,2025-02-09,18.484042,475.523010
3780,833,72,2025-01-05,7.299900,3927.894944
3781,52,861,2025-02-01,1.298655,1882.761153
3782,646,97,2025-03-03,16.270883,3469.748204
3783,969,453,2025-02-02,5.168387,2827.410495
3784,966,213,2025-01-19,12.320650,1979.497132
3785,892,427,2025-03-26,3.286059,2185.698379
3786,1467,693,2025-02-12,10.225014,4070.847374
3787,747,13,2025-02-12,21.725543,2485.851244
3788,249,245,2025-01-26,15.241278,1001.912952
3789,1803,492,2025-03-09,17.703952,4202.119369
3790,370,91,2025-01-20,8.442368,3870.406967
3791,1236,802,2025-03-07,14.517535,4928.639476
3792,820,649,2025-03-31,16.560585,808.524762
3793,1418,636,2025-03-31,10.618659,2187.691003
3794,1176,326,2025-04-01,16.351210,3072.939062
3795,631,699,2025-02-25,19.210401,1781.539500
3796,529,950,2025-02-22,7.232207,1961.196818
3797,1166,710,2025-01-06,17.545594,4452.262331
3798,1719,254,2025-01-11,14.264193,3139.482268
3799,1021,832,2025-04-20,8.043245,3941.242782
3800,917,120,2025-02-16,16.781855,2249.024138
3801,1797,899,2025-03-30,6.017922,4062.132836
3802,1402,352,2025-03-10,0.635876,227.073227
3803,371,93,2025-02-16,7.035987,1623.125432
3804,951,135,2025-02-09,15.274123,3908.958093
3805,149,209,2025-02-05,0.981301,4048.030460
3806,1865,151,2025-04-24,16.601841,4835.618945
3807,1233,116,2025-02-17,17.020742,2093.718491
3808,441,514,2025-02-06,4.645576,3793.025740
3809,52,266,2025-01-04,16.380779,1734.043151
3810,1675,406,2025-01-03,10.631738,1904.210816
3811,304,846,2025-02-26,14.277755,753.753864
3812,1838,465,2025-04-20,3.080486,366.624864
3813,1167,193,2025-04-13,19.567480,1254.284337
3814,896,840,2025-02-10,22.954619,3439.344571
3815,521,139,2025-04-01,21.057086,1046.996586
3816,562,779,2025-04-09,4.526567,1955.134700
3817,328,796,2025-03-02,17.681852,4009.596500
3818,156,523,2025-01-24,3.082741,1749.511899
3819,1135,923,2025-02-09,7.490942,4002.912816
3820,102,77,2025-01-07,17.672481,93.840993
3821,100,779,2025-02-21,15.977213,3546.693521
3822,1642,604,2025-01-19,16.429177,2374.839955
3823,634,653,2025-02-26,19.863800,2194.149953
3824,1576,708,2025-02-21,14.381301,4876.799716
3825,539,560,2025-01-03,20.156035,1096.304436
3826,1303,480,2025-04-11,2.864879,307.484414
3827,1904,142,2025-01-22,5.058329,442.082537
3828,700,860,2025-01-22,6.199830,4851.550092
3829,194,562,2025-01-13,3.818330,2716.356181
3830,305,334,2025-04-21,8.658795,1153.538205
3831,1212,983,2025-03-27,19.943436,192.965004
3832,464,57,2025-01-21,5.181069,1766.081113
3833,1174,148,2025-01-18,18.417209,3910.001780
3834,1823,245,2025-01-30,12.648677,3385.332989
3835,1573,257,2025-03-25,7.940899,182.736731
3836,1181,910,2025-02-26,10.346692,1272.368078
3837,1677,331,2025-02-07,8.028310,2457.021426
3838,366,347,2025-01-01,3.466351,3177.894203
3839,1726,316,2025-04-06,6.517794,1278.248880
3840,1948,810,2025-01-09,16.964320,213.142836
3841,526,248,2025-02-19,1.023634,3384.169165
3842,1911,127,2025-01-01,23.558616,544.681344
3843,723,476,2025-03-21,13.405245,2242.697351
3844,946,485,2025-02-15,13.659098,1073.936345
3845,129,503,2025-02-16,15.795832,3432.409687
3846,1713,795,2025-01-02,14.799172,4027.597542
3847,485,20,2025-03-24,8.616737,3365.592114
3848,567,727,2025-03-06,22.251344,900.350096
3849,746,313,2025-02-21,2.495106,1770.256243
3850,1394,109,2025-01-01,19.605341,3069.262906
3851,421,242,2025-02-19,23.948670,3556.788037
3852,1476,385,2025-01-07,3.222236,1262.213045
3853,1546,953,2025-02-08,2.255849,3309.023290
3854,783,83,2025-04-06,14.881649,787.105705
3855,176,385,2025-03-22,19.248132,875.810340
3856,265,598,2025-02-25,14.157677,1909.411287
3857,1526,403,2025-04-11,5.098858,4740.375335
3858,1973,568,2025-02-09,9.576258,3145.168235
3859,135,107,2025-02-20,4.187097,3599.616290
3860,929,179,2025-02-20,17.325087,4121.402341
3861,1835,780,2025-03-25,21.618337,2291.073056
3862,733,920,2025-02-04,8.497478,1694.805655
3863,1162,223,2025-04-18,8.208294,1650.958300
3864,834,354,2025-02-23,20.337419,1463.566271
3865,289,470,2025-01-07,20.246764,3412.806265
3866,1167,786,2025-03-23,7.896543,2004.123129
3867,1867,69,2025-01-03,6.469834,3276.387275
3868,463,12,2025-02-24,3.057107,2729.319034
3869,751,944,2025-04-12,6.851480,4441.333439
3870,677,362,2025-02-03,7.292268,3121.287488
3871,1168,891,2025-02-21,13.310858,2567.518525
3872,1698,703,2025-04-09,4.968274,358.283480
3873,1517,237,2025-04-20,18.547050,1196.157503
3874,374,910,2025-04-11,6.026215,1317.071264
3875,1225,104,2025-02-03,9.757987,1595.482284
3876,970,639,2025-04-12,9.990266,1600.285232
3877,35,721,2025-03-23,6.647194,634.265685
3878,207,449,2025-03-23,11.968314,2259.583224
3879,1523,896,2025-04-05,8.985225,4964.638767
3880,1712,824,2025-01-31,2.097013,1352.504228
3881,288,456,2025-03-15,3.838223,16.449838
3882,1132,494,2025-01-06,16.398213,1299.063554
3883,147,371,2025-03-02,1.545052,4755.591920
3884,368,72,2025-01-21,12.160499,1687.272128
3885,1908,630,2025-03-27,8.055119,1745.712551
3886,133,263,2025-03-15,1.314864,672.960103
3887,262,243,2025-03-31,6.611368,2719.348519
3888,1851,177,2025-04-03,5.338621,3370.168781
3889,663,331,2025-02-10,22.901425,2661.223599
3890,1160,472,2025-03-24,17.516281,28.424294
3891,411,673,2025-02-18,7.409887,1271.765969
3892,913,796,2025-02-27,15.997641,1119.267312
3893,1903,566,2025-01-22,7.379065,2551.909477
3894,1951,947,2025-04-12,9.286732,1216.096888
3895,1801,988,2025-02-28,1.724632,2815.104137
3896,1168,334,2025-01-20,10.743020,4430.465647
3897,1671,932,2025-01-21,19.079057,1214.476855
3898,736,513,2025-02-09,1.423377,2511.025372
3899,1361,22,2025-03-28,2.383130,858.192422
3900,1334,70,2025-04-17,5.691520,3702.695988
3901,1433,734,2025-01-25,11.789766,354.807646
3902,1624,880,2025-01-23,5.154572,3841.411194
3903,1289,606,2025-02-18,21.712026,1599.891032
3904,699,572,2025-02-14,18.907096,374.623749
3905,496,29,2025-03-25,15.854304,280.866832
3906,1186,40,2025-04-07,17.507322,2668.728145
3907,1969,342,2025-03-23,8.443506,2490.485662
3908,1955,949,2025-03-21,21.755007,1574.530657
3909,282,940,2025-03-14,17.471411,327.084585
3910,1607,837,2025-02-16,9.817961,511.862449
3911,1643,121,2025-04-19,18.647605,1398.986691
3912,863,273,2025-04-14,19.541013,1951.257568
3913,1648,844,2025-04-13,9.440061,4908.190046
3914,1144,747,2025-01-14,10.388511,3065.398798
3915,1523,606,2025-03-18,4.941387,3448.942404
3916,1437,730,2025-01-02,11.614281,428.413053
3917,1304,551,2025-03-29,22.620890,255.684665
3918,1530,226,2025-01-28,17.013154,4338.507240
3919,261,460,2025-01-03,20.244552,2956.127429
3920,430,203,2025-03-13,9.581073,721.860657
3921,1308,808,2025-02-21,14.470477,4165.254258
3922,1824,944,2025-02-16,5.957122,805.719899
3923,501,421,2025-03-16,15.492802,3653.904993
3924,1408,376,2025-02-15,10.284668,1731.148411
3925,891,494,2025-03-22,1.421891,4522.427438
3926,1118,80,2025-03-26,1.711962,273.265350
3927,1685,140,2025-03-22,20.267757,1498.354367
3928,961,888,2025-04-23,9.590739,3247.006368
3929,948,570,2025-04-08,21.001565,3785.598369
3930,173,940,2025-01-29,23.928224,3898.218735
3931,197,189,2025-02-19,13.085294,4938.437322
3932,1785,509,2025-03-24,1.282275,2737.111449
3933,1778,924,2025-03-13,23.354614,1069.734215
3934,590,610,2025-02-12,2.850076,4506.690696
3935,1116,357,2025-01-14,8.827133,1924.911199
3936,552,763,2025-01-11,10.175838,3355.195285
3937,1377,97,2025-04-16,8.984560,3553.608846
3938,1838,868,2025-03-29,19.629847,1965.357916
3939,1240,692,2025-02-14,13.432819,558.996915
3940,1744,955,2025-02-15,15.514080,1464.938651
3941,1579,47,2025-01-17,10.344216,4562.985407
3942,487,460,2025-01-20,12.590907,2497.505883
3943,746,31,2025-04-14,13.665597,319.218582
3944,643,756,2025-03-02,4.595149,4195.969673
3945,1547,708,2025-03-11,10.355359,4453.699959
3946,220,551,2025-02-22,21.744765,1509.550056
3947,1894,648,2025-02-02,17.678350,3201.671325
3948,1969,161,2025-01-24,6.205549,878.998969
3949,831,29,2025-01-17,9.146529,2050.769286
3950,715,963,2025-04-21,23.636418,4381.861762
3951,1275,282,2025-02-09,18.964510,520.799035
3952,1105,570,2025-01-07,16.496976,3895.571027
3953,103,844,2025-04-08,17.568170,1245.191795
3954,975,887,2025-03-14,16.148141,459.996917
3955,28,738,2025-01-27,4.447562,4696.806097
3956,1927,79,2025-02-09,19.828193,900.214381
3957,786,320,2025-01-25,4.879825,3748.053871
3958,1699,97,2025-03-31,19.928176,3662.736309
3959,1563,175,2025-01-29,16.592181,429.889082
3960,466,264,2025-01-31,6.371387,1993.006886
3961,1344,372,2025-03-10,23.807269,3594.518580
3962,130,881,2025-02-23,11.831158,4090.777932
3963,1656,316,2025-04-18,4.146551,3520.771289
3964,1758,27,2025-04-08,18.423927,1974.223714
3965,424,984,2025-03-03,21.638642,413.572558
3966,547,267,2025-02-11,17.827004,3469.294868
3967,1623,356,2025-03-05,15.325668,2179.054394
3968,1198,691,2025-01-02,20.127851,864.988991
3969,388,256,2025-01-11,10.868956,63.080728
3970,621,489,2025-02-01,11.372698,3213.995074
3971,1950,476,2025-03-27,3.723035,1279.897781
3972,1485,472,2025-01-06,13.626594,1810.505490
3973,1755,857,2025-01-11,12.394296,153.483405
3974,1173,535,2025-04-21,1.967113,2379.978089
3975,327,543,2025-01-31,23.901034,4143.877712
3976,230,218,2025-01-26,6.949802,3581.217515
3977,1883,369,2025-02-18,14.623016,4829.967552
3978,1158,391,2025-01-25,4.955312,3925.629176
3979,519,595,2025-01-31,6.742727,4672.689380
3980,458,917,2025-01-27,19.176024,4294.930627
3981,1016,315,2025-01-21,11.855623,1149.640341
3982,1077,833,2025-04-15,21.479711,4573.412923
3983,1601,510,2025-02-25,5.227701,1089.399681
3984,1310,7,2025-02-16,21.543356,171.470661
3985,645,898,2025-03-29,8.670371,4546.530989
3986,1861,752,2025-01-22,17.864633,843.458338
3987,1503,645,2025-03-25,16.193816,2281.376304
3988,1505,371,2025-01-01,13.207680,1333.427884
3989,729,288,2025-01-03,13.007783,804.176180
3990,14,132,2025-01-10,14.622452,832.682570
3991,1340,349,2025-02-09,9.641330,2598.417697
3992,1613,535,2025-01-05,22.972872,1465.326434
3993,661,975,2025-01-02,15.784319,1850.145572
3994,355,297,2025-02-27,20.388281,1881.324717
3995,1078,618,2025-03-17,4.144916,3340.690740
3996,655,751,2025-02-28,0.530025,3267.365944
3997,401,995,2025-01-14,8.997434,3773.502002
3998,1352,464,2025-04-04,11.137004,437.826995
3999,627,714,2025-04-14,14.602677,4224.321847
4000,1202,414,2025-03-13,23.720531,895.705687
4001,310,640,2025-01-17,3.300853,1003.147381
4002,22,739,2025-02-26,6.498818,30.119308
4003,1811,671,2025-04-11,16.963708,602.345228
4004,1074,973,2025-02-17,10.050187,1601.227520
4005,1561,308,2025-02-05,3.290416,725.313262
4006,1454,5,2025-04-01,23.906107,2521.467607
4007,1490,568,2025-03-11,4.839271,4279.806694
4008,905,221,2025-02-27,13.697050,2956.335077
4009,1305,364,2025-03-03,9.204075,1367.690890
4010,1580,789,2025-03-01,8.328932,2012.015971
4011,319,493,2025-04-03,22.006828,1854.136055
4012,573,32,2025-04-08,2.987338,3807.172086
4013,369,165,2025-01-02,12.492186,2302.368959
4014,919,53,2025-01-07,9.005960,2021.141136
4015,807,49,2025-03-28,17.746045,3909.328108
4016,189,517,2025-02-03,21.184172,2084.386366
4017,1320,712,2025-02-24,22.995761,1065.016080
4018,676,15,2025-04-10,4.768069,799.324937
4019,907,112,2025-03-26,21.905964,2693.576386
4020,1929,32,2025-03-25,1.113868,4816.544689
4021,1463,173,2025-02-12,23.539212,2120.705503
4022,1412,878,2025-03-02,14.708833,4722.173175
4023,110,730,2025-01-04,17.675350,3269.842719
4024,1043,451,2025-02-09,3.942988,3920.246217
4025,772,135,2025-04-14,7.198684,4000.711811
4026,327,63,2025-01-15,10.461146,92.777114
4027,708,100,2025-03-07,18.384425,3117.317837
4028,269,138,2025-03-26,23.960109,1949.086459
4029,284,139,2025-01-28,18.352586,2369.886031
4030,730,551,2025-04-18,1.943083,617.589050
4031,229,461,2025-04-13,6.242919,1568.906070
4032,871,908,2025-01-01,11.824696,3310.320531
4033,1437,521,2025-04-14,12.896480,2914.994112
4034,527,144,2025-01-04,22.677211,2628.602617
4035,654,354,2025-01-20,10.997010,654.785956
4036,1603,520,2025-03-18,13.007449,4766.902043
4037,727,816,2025-01-08,9.480713,2641.576654
4038,6,624,2025-04-21,15.777102,4336.231836
4039,1723,235,2025-02-22,20.127888,4240.532758
4040,608,539,2025-03-11,21.472479,474.484831
4041,216,663,2025-01-26,22.852039,4336.920324
4042,1153,807,2025-02-03,15.872476,801.226658
4043,1335,222,2025-01-14,23.933983,420.261858
4044,1226,342,2025-04-12,1.579859,4835.823799
4045,509,44,2025-02-23,13.568680,4628.842987
4046,914,346,2025-03-15,20.328594,748.297000
4047,1032,708,2025-04-19,10.330235,4821.171259
4048,1704,196,2025-03-30,11.271361,3891.050025
4049,874,907,2025-03-27,16.944874,1472.511962
4050,1406,326,2025-03-24,17.467253,3042.335454
4051,1908,459,2025-03-18,23.095184,3186.339654
4052,810,713,2025-01-03,0.677111,1165.345409
4053,738,278,2025-03-05,12.582924,4554.599296
4054,367,773,2025-01-05,0.792959,4651.973196
4055,1891,376,2025-04-09,20.081537,678.040234
4056,1843,738,2025-01-10,3.649902,1135.335082
4057,1046,40,2025-01-26,6.368766,4094.885360
4058,245,938,2025-02-18,9.052579,2080.478620
4059,917,717,2025-04-13,16.881369,4817.299100
4060,1154,918,2025-03-09,16.133235,3354.575869
4061,1401,684,2025-02-23,17.476588,3018.966958
4062,1576,837,2025-04-04,21.171553,4581.754179
4063,273,993,2025-03-03,1.976112,2582.632783
4064,574,315,2025-03-07,17.173193,4552.197736
4065,1275,983,2025-02-16,13.517881,2501.457945
4066,353,459,2025-02-19,21.790969,3001.710728
4067,1309,924,2025-02-14,12.101049,4413.711785
4068,140,834,2025-03-15,19.852608,2076.764932
4069,892,331,2025-03-12,11.187081,4407.291058
4070,1373,948,2025-01-24,2.589833,1643.093075
4071,813,924,2025-04-01,21.600336,142.586101
4072,1664,12,2025-03-19,1.544671,3715.101894
4073,1332,776,2025-01-03,18.908061,2826.291408
4074,211,653,2025-04-24,8.239467,1003.398112
4075,1823,574,2025-03-28,12.571485,151.274331
4076,1506,351,2025-02-01,16.499787,4971.371778
4077,1057,212,2025-01-04,7.856939,1660.274875
4078,1086,3,2025-02-07,5.452795,1493.461072
4079,1690,808,2025-02-13,20.433328,2886.578757
4080,1232,521,2025-04-08,1.515684,1135.937019
4081,1970,580,2025-02-23,14.706525,4490.565473
4082,913,948,2025-01-11,8.172036,373.872463
4083,1031,192,2025-03-27,9.943845,2489.145201
4084,1985,999,2025-02-03,18.621951,1163.210466
4085,1686,559,2025-02-05,23.415753,1888.251645
4086,1831,877,2025-01-12,22.151941,1795.665804
4087,1993,486,2025-01-21,2.635199,4043.490841
4088,1101,111,2025-04-01,2.322209,3577.326419
4089,1102,799,2025-02-22,7.994817,2463.729728
4090,1951,298,2025-03-19,2.169506,3251.259016
4091,1666,388,2025-02-15,14.374272,1830.546276
4092,968,66,2025-01-20,10.633000,389.270559
4093,360,787,2025-02-27,16.458356,3799.766706
4094,578,935,2025-01-31,23.988133,2018.020302
4095,1549,835,2025-01-04,9.618363,3356.380619
4096,27,919,2025-01-26,7.459829,1530.317910
4097,1171,547,2025-02-16,13.163704,3445.831980
4098,1854,460,2025-03-04,1.403160,947.740466
4099,1648,412,2025-03-07,3.545361,2633.414470
4100,927,114,2025-03-26,7.125349,1557.498325
4101,1142,875,2025-02-07,0.543386,4136.399508
4102,1094,213,2025-04-01,21.243458,3327.923224
4103,1855,1,2025-04-21,1.082802,1456.549402
4104,466,627,2025-03-18,11.428668,1822.985009
4105,1295,246,2025-01-15,1.593496,669.150031
4106,1900,202,2025-02-19,17.026935,3563.166023
4107,1537,862,2025-03-04,19.426763,2142.160884
4108,1914,75,2025-02-01,18.584507,4695.763574
4109,172,207,2025-01-19,13.504891,2924.163393
4110,1990,790,2025-01-17,6.544004,572.817487
4111,1209,558,2025-03-14,15.144592,4031.965748
4112,1061,868,2025-03-21,18.225284,2440.434249
4113,477,688,2025-02-13,3.130683,730.131440
4114,1841,202,2025-04-09,2.013605,3507.522213
4115,1253,499,2025-04-14,8.011762,2878.390611
4116,363,476,2025-01-25,21.083965,3030.809273
4117,237,706,2025-01-10,13.991405,2370.066365
4118,870,336,2025-03-30,3.214953,388.812491
4119,1274,79,2025-04-07,3.937467,2259.620158
4120,1758,154,2025-03-05,14.617284,1603.533757
4121,1736,568,2025-04-18,13.019752,2185.373126
4122,681,788,2025-04-08,22.902989,4171.752369
4123,1298,199,2025-03-11,5.001008,4898.403615
4124,680,955,2025-03-07,16.269261,4803.669307
4125,1393,103,2025-02-07,7.082850,2468.463043
4126,944,684,2025-01-13,14.647900,4193.293975
4127,1495,649,2025-02-04,11.788098,2837.440452
4128,1400,558,2025-04-02,1.523800,1237.696828
4129,1123,474,2025-04-05,22.381568,260.393014
4130,706,756,2025-04-17,7.289093,521.758326
4131,66,8,2025-03-06,17.622163,32.278683
4132,1198,255,2025-01-02,17.965454,265.179749
4133,127,520,2025-01-19,17.770055,1460.962999
4134,1455,28,2025-01-19,0.764957,3104.544437
4135,240,4,2025-04-15,8.289111,3537.251174
4136,610,364,2025-01-30,20.895781,4918.878419
4137,1351,69,2025-01-10,10.491256,4929.203763
4138,1109,864,2025-01-31,23.144798,2676.557423
4139,38,26,2025-04-10,9.303659,1149.305956
4140,600,665,2025-01-05,18.999405,1076.690933
4141,643,537,2025-01-05,5.672435,2306.657491
4142,953,658,2025-02-15,10.019435,2477.960672
4143,1229,522,2025-01-10,3.504651,161.396200
4144,143,294,2025-02-20,17.257700,4394.583569
4145,374,382,2025-03-02,2.517237,3311.173059
4146,1655,738,2025-02-02,14.600777,1528.195554
4147,1159,22,2025-03-29,11.002384,2545.180023
4148,1284,734,2025-04-22,21.438882,1053.834785
4149,1549,140,2025-01-10,18.175818,3171.137166
4150,1872,454,2025-01-02,5.733350,3543.155500
4151,1335,721,2025-04-01,12.377720,3142.420289
4152,1554,353,2025-01-13,1.755982,4907.874553
4153,295,309,2025-01-04,8.027362,2719.736458
4154,863,587,2025-03-23,5.492208,1910.692654
4155,834,257,2025-03-19,11.488889,4979.570365
4156,536,986,2025-04-12,5.067285,3586.595610
4157,1802,6,2025-01-09,19.015766,1753.429591
4158,658,427,2025-03-18,7.556358,3838.630749
4159,1699,231,2025-02-22,18.481712,492.659693
4160,1288,565,2025-02-18,2.989271,348.364719
4161,485,315,2025-03-28,6.187427,22.310440
4162,914,623,2025-04-15,5.994832,3614.102244
4163,257,509,2025-02-15,19.389217,4832.138236
4164,1455,72,2025-02-16,21.354883,2791.449676
4165,1231,624,2025-02-28,9.255576,4044.609543
4166,1339,897,2025-04-22,8.203544,2624.725807
4167,1639,384,2025-02-12,4.967214,4879.749271
4168,1103,715,2025-02-24,8.776543,2950.413223
4169,1477,519,2025-01-12,21.203637,636.676434
4170,1427,347,2025-03-14,14.496722,1210.255530
4171,855,910,2025-01-25,23.900104,3229.472188
4172,815,737,2025-01-10,18.121931,2792.624189
4173,1597,747,2025-04-23,3.217896,831.820081
4174,480,749,2025-02-12,14.793512,1353.124882
4175,1443,159,2025-04-23,14.899771,2113.238821
4176,1938,529,2025-01-26,20.782899,2919.535934
4177,385,192,2025-01-07,8.506975,4760.654211
4178,150,918,2025-02-07,15.984227,1470.288805
4179,878,704,2025-01-26,2.512804,2884.543252
4180,1764,820,2025-02-22,7.486140,2014.900383
4181,1012,883,2025-03-19,19.527216,1932.858366
4182,1791,742,2025-02-08,7.928773,4671.138101
4183,1882,482,2025-02-20,10.620724,1416.968406
4184,989,101,2025-04-11,20.961525,551.267836
4185,266,574,2025-03-05,18.662140,1202.942562
4186,1159,440,2025-03-25,16.493860,2469.712579
4187,679,301,2025-01-21,15.304142,204.524650
4188,313,201,2025-02-18,12.533003,763.213161
4189,1317,230,2025-03-04,22.541690,3911.340018
4190,1501,71,2025-02-13,9.730302,1812.029034
4191,472,420,2025-03-03,12.405713,2139.461932
4192,614,340,2025-02-14,13.689284,4346.897699
4193,1756,793,2025-02-21,11.783965,2633.198460
4194,256,721,2025-01-04,16.562251,4896.928012
4195,1138,754,2025-03-28,17.180702,996.823526
4196,1655,408,2025-02-01,8.461486,2794.284083
4197,1612,320,2025-04-17,7.829287,2701.925556
4198,502,704,2025-03-22,19.416557,294.410610
4199,1811,595,2025-04-12,0.776723,4956.806849
4200,1925,457,2025-01-10,11.755563,3446.895473
4201,1328,227,2025-01-21,8.746947,2665.677414
4202,1936,246,2025-03-23,13.921560,1816.960043
4203,358,954,2025-03-25,8.125889,130.971439
4204,651,530,2025-03-23,23.992082,1813.906785
4205,268,2,2025-02-04,6.601399,3702.194398
4206,890,66,2025-03-21,17.357096,1815.975529
4207,717,473,2025-01-07,3.302408,3641.554191
4208,345,554,2025-03-11,9.380212,4980.152942
4209,1541,197,2025-02-19,0.518030,2014.239924
4210,1778,258,2025-01-05,19.821836,626.856994
4211,1924,753,2025-03-20,16.008027,2278.836348
4212,1100,537,2025-02-05,2.685568,679.466407
4213,972,528,2025-01-19,7.583443,3531.081402
4214,692,226,2025-02-01,12.241095,4542.078112
4215,246,808,2025-01-21,2.401561,3798.231442
4216,1430,458,2025-04-17,6.548415,1530.526389
4217,1554,848,2025-03-05,23.795865,1761.529985
4218,1261,595,2025-04-22,6.062296,3961.435417
4219,1428,113,2025-02-25,17.994403,1547.635406
4220,16,965,2025-02-19,5.302551,520.752075
4221,1821,576,2025-02-25,18.687706,1943.945259
4222,1510,830,2025-03-13,1.319065,2165.913363
4223,1258,841,2025-03-16,18.617972,1521.713014
4224,1106,930,2025-03-16,2.085956,348.792885
4225,874,490,2025-01-28,23.579235,680.945012
4226,174,940,2025-02-16,21.558222,819.019409
4227,36,706,2025-04-14,1.325484,4155.703719
4228,302,98,2025-04-05,3.533081,1339.599818
4229,1823,583,2025-03-05,17.988477,4380.696683
4230,1767,212,2025-04-02,10.112811,2442.779121
4231,283,277,2025-01-13,14.258827,1179.636913
4232,982,525,2025-02-22,5.111817,903.644569
4233,1668,841,2025-02-27,13.769429,186.108988
4234,1611,452,2025-03-01,14.300305,3148.927220
4235,761,428,2025-01-22,4.098632,1459.187359
4236,1679,121,2025-04-20,14.648417,4616.002476
4237,1462,706,2025-04-10,4.009321,1480.992163
4238,1006,510,2025-01-29,5.774552,292.163102
4239,648,651,2025-04-23,14.671380,4718.148655
4240,1218,715,2025-01-24,0.560386,21.331835
4241,966,851,2025-04-16,11.085231,3602.240628
4242,1644,454,2025-01-19,13.721548,320.235444
4243,1092,251,2025-02-09,3.974885,2166.677704
4244,496,376,2025-03-11,17.029277,559.981429
4245,1966,921,2025-03-04,9.437359,2377.602640
4246,216,617,2025-01-03,4.353674,1965.757058
4247,192,720,2025-04-21,21.446906,2859.393687
4248,1987,726,2025-01-01,13.210760,1209.453208
4249,1787,204,2025-04-24,4.688968,1159.078095
4250,1997,349,2025-03-11,16.862647,544.001593
4251,831,674,2025-01-08,1.257894,2778.370182
4252,1356,142,2025-03-12,5.356552,2745.184521
4253,1939,106,2025-01-21,15.092871,977.321507
4254,1338,136,2025-01-15,8.898387,2834.553113
4255,1579,850,2025-01-15,12.000082,1392.462173
4256,63,436,2025-01-11,10.553325,3962.699038
4257,1864,856,2025-01-11,13.950639,1035.418057
4258,281,770,2025-03-08,12.677722,4319.376320
4259,337,724,2025-02-17,15.514071,1168.895678
4260,1422,778,2025-04-16,3.295594,608.490299
4261,411,471,2025-04-05,2.507008,4935.035047
4262,80,580,2025-03-18,15.599054,2337.557148
4263,1212,824,2025-03-03,19.761857,1634.268658
4264,1391,639,2025-04-24,17.147191,543.014036
4265,1245,436,2025-03-21,18.485030,3691.424585
4266,1160,467,2025-01-21,12.763584,258.258305
4267,1906,764,2025-01-25,15.336877,1227.877905
4268,811,214,2025-02-27,13.907541,1292.924080
4269,1606,878,2025-03-26,9.888928,3372.926107
4270,744,897,2025-04-10,16.426419,1061.352448
4271,1940,434,2025-02-01,21.309517,3493.362509
4272,1243,467,2025-01-30,5.136486,123.312496
4273,1805,672,2025-03-23,4.906919,1655.239891
4274,916,59,2025-04-02,23.584951,2660.943587
4275,764,901,2025-04-12,2.805343,3481.031945
4276,20,698,2025-02-14,7.044576,2906.533143
4277,1358,943,2025-03-07,19.888927,1888.095797
4278,365,44,2025-01-31,2.504125,3184.793195
4279,410,274,2025-01-25,18.235721,2437.705985
4280,190,733,2025-01-20,18.064357,641.224941
4281,1339,129,2025-04-05,6.497242,4032.161948
4282,1389,448,2025-03-12,23.714062,1203.003459
4283,769,634,2025-01-22,13.018152,4215.288750
4284,589,517,2025-04-24,15.732810,1189.619902
4285,1199,364,2025-04-10,9.092050,3544.909165
4286,1628,101,2025-04-05,1.104757,2746.216062
4287,940,387,2025-01-27,15.872455,4228.515037
4288,1269,969,2025-01-05,2.201634,4991.439877
4289,62,460,2025-01-22,1.632206,3531.249305
4290,113,364,2025-01-30,6.746687,1154.953162
4291,733,437,2025-01-30,9.238966,2122.493937
4292,84,473,2025-02-07,5.068755,2382.323302
4293,1379,352,2025-01-28,14.827641,3629.771212
4294,48,993,2025-01-01,3.974831,4095.334178
4295,1862,897,2025-01-04,22.807046,3781.058082
4296,1863,742,2025-04-03,10.127214,3502.430239
4297,571,287,2025-04-19,22.942625,308.207937
4298,744,2,2025-01-21,8.603565,2111.297626
4299,191,381,2025-01-13,4.229053,1246.420510
4300,1747,620,2025-01-30,19.620997,2228.588535
4301,505,667,2025-03-13,3.163087,2929.330800
4302,1332,745,2025-04-08,12.966874,4067.930535
4303,209,839,2025-04-09,19.903635,4003.283529
4304,345,507,2025-01-09,16.489764,4017.284938
4305,607,476,2025-02-09,13.575044,428.581424
4306,1440,502,2025-02-18,11.557735,4619.095609
4307,319,687,2025-04-22,17.430050,3476.979323
4308,977,101,2025-01-24,2.578813,397.601081
4309,773,709,2025-04-17,6.894873,1007.514302
4310,696,373,2025-01-22,6.037314,3653.610239
4311,1216,616,2025-03-28,19.351933,4247.696179
4312,309,597,2025-02-16,15.908299,4908.126930
4313,905,800,2025-02-08,2.461577,3655.005053
4314,1455,451,2025-02-06,13.372113,3108.640082
4315,663,171,2025-01-14,2.511098,1964.751002
4316,1147,52,2025-04-11,7.868590,3772.219542
4317,1985,652,2025-01-24,23.258160,4450.246855
4318,1479,111,2025-03-23,10.682269,614.844245
4319,1844,624,2025-01-04,1.733951,576.963708
4320,1819,829,2025-01-08,17.828703,2744.461804
4321,978,751,2025-01-30,20.847461,1199.734182
4322,799,167,2025-01-27,11.023462,2735.840279
4323,230,72,2025-02-27,14.806664,3863.007972
4324,957,765,2025-01-12,6.936770,480.004709
4325,1025,329,2025-02-05,10.912280,4240.745062
4326,699,502,2025-01-12,3.675206,1421.428849
4327,1841,533,2025-04-15,19.044419,336.477904
4328,1370,685,2025-02-19,3.132035,4821.303181
4329,1998,86,2025-01-02,18.453462,2733.239221
4330,906,423,2025-01-25,22.218438,571.505172
4331,1342,464,2025-03-09,21.815895,4094.771417
4332,789,199,2025-01-15,21.210234,1154.689287
4333,1553,368,2025-02-09,10.724054,3004.844732
4334,159,452,2025-03-30,22.987611,4303.582965
4335,1637,296,2025-03-01,18.115813,3786.818314
4336,1657,431,2025-03-03,17.846350,1871.433640
4337,427,627,2025-03-27,20.771517,1073.633984
4338,1420,201,2025-01-02,16.203553,983.216156
4339,1453,511,2025-01-03,12.195065,4721.667183
4340,977,206,2025-02-05,10.699253,933.348426
4341,1432,357,2025-02-16,23.911547,695.309658
4342,1546,992,2025-01-02,19.283387,255.961379
4343,1624,629,2025-03-24,13.242253,1380.769086
4344,301,746,2025-02-07,17.043111,1562.350953
4345,581,463,2025-01-13,5.217170,1589.462302
4346,1806,356,2025-02-04,7.678041,2269.382852
4347,537,937,2025-02-09,4.931895,3072.217184
4348,1623,172,2025-03-10,12.008654,2014.216785
4349,571,455,2025-02-13,14.892582,2921.863115
4350,1218,379,2025-03-31,19.208310,1703.558984
4351,383,250,2025-04-02,8.695352,564.106001
4352,619,568,2025-02-14,22.113157,4052.840812
4353,408,352,2025-01-06,22.582602,2331.220619
4354,1008,380,2025-02-06,2.692076,1021.751957
4355,1886,302,2025-03-17,15.437932,13.619342
4356,228,898,2025-03-11,19.216340,2040.687242
4357,800,168,2025-01-04,23.354079,3439.085878
4358,1952,406,2025-03-29,17.346069,4798.402425
4359,1353,996,2025-04-15,19.356510,3440.599588
4360,1097,715,2025-04-07,4.600481,526.233316
4361,763,611,2025-04-16,13.820474,3818.453373
4362,1797,88,2025-02-19,16.322087,4243.604813
4363,79,990,2025-01-16,19.159898,1790.027875
4364,258,784,2025-02-24,16.723087,3612.651243
4365,587,501,2025-03-02,14.617629,2263.812917
4366,1710,16,2025-02-15,21.767236,236.836523
4367,570,910,2025-02-26,18.526200,2698.007444
4368,697,571,2025-03-25,5.360681,1275.464855
4369,889,735,2025-01-16,1.143516,2291.666096
4370,515,34,2025-04-10,8.537438,1495.563602
4371,481,17,2025-01-30,8.584183,1501.828232
4372,940,693,2025-02-16,9.365738,4005.086529
4373,1037,249,2025-02-19,11.544294,1015.862269
4374,1051,71,2025-01-03,16.289090,3131.172921
4375,576,392,2025-03-01,20.669192,309.048524
4376,1951,903,2025-04-24,20.776871,4917.347797
4377,167,94,2025-02-11,20.970057,3569.288673
4378,888,196,2025-02-07,6.582937,2683.479528
4379,1646,818,2025-04-23,21.929095,2168.586193
4380,1686,907,2025-03-15,12.211391,414.914658
4381,1222,256,2025-03-25,5.841930,3523.361870
4382,747,803,2025-03-27,21.562268,2788.306947
4383,1946,491,2025-03-13,14.918511,4269.709838
4384,1847,968,2025-03-03,17.381371,1089.080622
4385,734,824,2025-03-11,23.770386,157.647277
4386,1731,539,2025-02-01,15.057449,3925.361252
4387,649,961,2025-04-20,19.554652,1162.773835
4388,960,930,2025-03-17,1.999274,69.577421
4389,1820,403,2025-03-18,5.735913,4155.778844
4390,1964,720,2025-01-13,17.240536,2263.967907
4391,1794,420,2025-03-26,14.630000,1584.171724
4392,322,55,2025-04-12,9.321823,36.043660
4393,1011,428,2025-02-25,19.679615,1056.856973
4394,31,846,2025-03-14,16.173101,826.424229
4395,1026,566,2025-03-20,16.501766,1087.518745
4396,1770,96,2025-02-08,9.729121,601.538058
4397,1370,779,2025-01-30,3.773033,4502.797622
4398,1981,586,2025-02-12,18.923679,3074.878185
4399,1679,315,2025-02-02,7.811734,357.304462
4400,302,53,2025-02-19,16.066820,4733.040466
4401,975,597,2025-02-18,6.516553,718.075268
4402,489,641,2025-03-26,8.442769,1702.252540
4403,1029,162,2025-04-08,5.266654,1682.748794
4404,807,114,2025-03-12,7.024145,4498.266900
4405,208,288,2025-03-07,23.324103,1661.839468
4406,1628,341,2025-04-19,13.337485,1686.321298
4407,102,432,2025-03-27,9.308429,1923.047280
4408,543,226,2025-03-22,1.081913,4694.091147
4409,1380,699,2025-01-07,18.874244,3173.333928
4410,1967,250,2025-04-12,9.615910,892.762351
4411,972,543,2025-03-09,20.995015,490.803619
4412,131,443,2025-04-04,17.551807,4910.024232
4413,1546,964,2025-03-03,16.445769,437.002359
4414,187,750,2025-02-20,5.626105,147.340072
4415,1058,256,2025-04-07,4.745115,2733.059913
4416,672,44,2025-04-11,6.574960,1806.463961
4417,614,48,2025-04-02,11.547801,2373.434757
4418,1841,871,2025-02-02,6.592238,3145.633222
4419,479,233,2025-02-08,22.395519,4344.524919
4420,3,90,2025-03-07,6.100025,4484.282676
4421,60,793,2025-04-10,2.881605,4718.010825
4422,421,778,2025-02-13,19.374199,743.144761
4423,950,736,2025-02-09,8.223634,2087.831393
4424,589,447,2025-04-06,16.509857,931.494542
4425,1544,404,2025-03-11,11.116957,2510.511312
4426,977,689,2025-03-10,15.350009,631.432966
4427,1252,120,2025-02-06,16.623642,3568.817181
4428,9,528,2025-03-06,12.803010,4139.094069
4429,156,172,2025-04-15,6.208884,1659.924946
4430,1976,743,2025-01-07,13.880620,4784.082278
4431,221,860,2025-04-23,10.408216,1181.817881
4432,192,275,2025-04-09,16.144839,4549.701044
4433,1089,25,2025-03-12,3.265253,2813.093618
4434,1359,355,2025-01-14,21.150739,2501.243096
4435,1479,801,2025-03-27,7.756379,1305.778624
4436,840,980,2025-01-21,3.488744,499.496351
4437,1336,512,2025-01-26,4.340895,3315.167024
4438,424,303,2025-04-03,1.761529,3364.008215
4439,834,284,2025-01-13,9.099169,2858.592576
4440,1464,82,2025-01-18,2.187393,3113.860106
4441,721,395,2025-02-26,2.598206,3555.673211
4442,1139,824,2025-03-22,8.166766,4050.470172
4443,418,873,2025-02-23,18.715915,754.491930
4444,616,489,2025-03-25,5.679943,2811.936785
4445,988,261,2025-04-05,16.905520,4712.367356
4446,1955,714,2025-03-29,10.336993,2808.347390
4447,31,124,2025-04-17,10.656518,620.367564
4448,465,216,2025-03-03,9.692063,487.232138
4449,1714,452,2025-03-14,11.523780,3150.922155
4450,582,410,2025-01-28,3.438439,2236.872816
4451,569,8,2025-03-10,14.941894,571.736558
4452,756,108,2025-03-18,17.049750,4030.610409
4453,730,77,2025-04-10,16.166063,3984.800824
4454,1598,498,2025-02-03,3.233721,1508.960238
4455,1760,901,2025-04-19,4.145239,1217.205647
4456,256,925,2025-02-27,6.973277,2462.381629
4457,74,579,2025-04-14,8.136329,4219.434109
4458,846,238,2025-01-06,1.160829,1054.693565
4459,991,826,2025-02-16,6.630111,975.147785
4460,182,512,2025-04-09,12.948082,2755.735795
4461,671,884,2025-04-18,12.200558,3351.577664
4462,443,886,2025-01-26,19.241272,2215.272835
4463,574,19,2025-01-25,12.063293,4139.811376
4464,1108,247,2025-03-08,17.477072,3666.361633
4465,204,476,2025-01-29,16.786729,1254.672301
4466,1032,32,2025-01-25,15.617401,2043.296022
4467,1815,120,2025-04-11,21.141510,2891.184283
4468,860,37,2025-04-12,9.308715,4793.887187
4469,968,781,2025-01-03,7.970336,3513.639925
4470,1555,733,2025-04-12,4.992560,4760.942965
4471,813,522,2025-04-09,11.923379,3389.073947
4472,1289,374,2025-01-25,21.515833,2281.143888
4473,799,724,2025-02-10,5.412720,4269.388171
4474,879,47,2025-02-10,3.785699,2874.658725
4475,19,854,2025-02-06,9.118066,4536.096493
4476,1651,490,2025-02-02,15.930446,352.182684
4477,92,506,2025-03-09,18.697525,1229.922302
4478,1151,771,2025-04-15,3.098173,2381.642655
4479,689,787,2025-02-09,15.515657,616.210600
4480,111,751,2025-02-08,4.744538,3991.774917
4481,397,987,2025-02-05,16.348440,4558.710900
4482,875,495,2025-03-25,20.452920,2876.463966
4483,1764,841,2025-03-03,18.946195,4428.059738
4484,1060,766,2025-01-21,17.478239,1961.749028
4485,187,67,2025-03-08,13.227387,3168.371626
4486,1814,886,2025-02-24,12.074648,2292.002725
4487,871,198,2025-02-06,16.951604,4051.541797
4488,531,444,2025-02-21,23.012592,4340.354131
4489,1504,165,2025-04-08,10.922280,4142.891162
4490,1932,424,2025-03-31,8.866571,3861.838430
4491,1837,768,2025-04-23,15.790977,4315.482674
4492,714,748,2025-01-19,8.015121,955.237848
4493,1978,169,2025-01-08,21.282835,968.833724
4494,1331,496,2025-03-20,2.523342,4551.142919
4495,469,762,2025-01-11,15.953523,329.573731
4496,709,808,2025-02-27,13.498941,324.380353
4497,305,854,2025-02-04,7.021870,3774.483066
4498,238,167,2025-03-16,15.689952,2342.005472
4499,1490,191,2025-02-21,21.732766,4554.587548
4500,1779,896,2025-02-16,4.293202,3030.781855
4501,397,248,2025-03-15,19.064255,1585.441312
4502,517,13,2025-03-25,22.502585,2497.454319
4503,170,708,2025-04-04,3.186108,3345.108856
4504,409,234,2025-02-15,6.563675,4529.781387
4505,1388,868,2025-03-10,20.218140,3477.056685
4506,779,990,2025-04-08,14.737592,3667.959282
4507,1867,668,2025-01-01,19.131509,2977.073354
4508,1149,401,2025-03-09,14.074675,3854.582734
4509,1820,803,2025-03-17,7.817432,3785.502894
4510,518,431,2025-01-26,6.067507,2298.235057
4511,61,512,2025-01-14,13.483434,2285.721536
4512,798,421,2025-02-08,14.718157,3570.905003
4513,1481,852,2025-04-12,21.497978,1185.621363
4514,1477,191,2025-04-03,15.655425,969.654025
4515,1222,879,2025-03-04,20.593343,2526.137883
4516,1020,888,2025-03-21,10.238473,780.519091
4517,1070,540,2025-01-23,4.173092,4454.417014
4518,775,902,2025-04-04,19.773200,1510.636538
4519,466,933,2025-03-22,2.163344,1288.540321
4520,609,510,2025-01-06,2.967329,4714.834302
4521,557,899,2025-04-06,3.447642,548.932037
4522,1597,326,2025-04-17,22.420016,1910.833236
4523,1223,412,2025-02-28,12.441450,4240.242039
4524,130,388,2025-01-04,2.921188,1927.562249
4525,1125,772,2025-01-27,2.155281,2266.577528
4526,1823,448,2025-03-30,18.435474,2110.366859
4527,137,355,2025-03-20,15.946895,2391.243936
4528,547,754,2025-01-10,19.356499,274.795441
4529,92,9,2025-03-18,23.125435,3869.434810
4530,1731,465,2025-01-02,12.080599,2530.164889
4531,1412,140,2025-04-09,17.069808,2664.803700
4532,154,936,2025-02-06,20.736179,1028.676302
4533,1139,405,2025-01-26,15.136818,3658.282607
4534,1378,447,2025-04-04,21.261055,1970.607403
4535,980,529,2025-01-23,1.855849,1434.515937
4536,1237,457,2025-03-12,9.091024,142.949815
4537,1831,475,2025-04-23,16.661779,1128.159981
4538,1935,60,2025-04-06,22.131279,4349.562858
4539,492,223,2025-03-06,8.945992,3141.755364
4540,1010,1,2025-02-17,18.255705,3814.504072
4541,1054,272,2025-01-17,22.440694,3671.084780
4542,1920,17,2025-01-25,7.110967,4636.006877
4543,667,369,2025-01-13,15.622129,3545.176821
4544,1013,463,2025-02-12,19.605778,1487.239195
4545,535,632,2025-01-06,3.228374,3664.946224
4546,182,622,2025-02-26,20.901304,3412.006351
4547,603,946,2025-04-05,18.680067,3255.404095
4548,365,530,2025-02-19,12.443353,3821.154877
4549,1560,61,2025-04-14,2.905404,4824.754455
4550,1644,451,2025-02-10,19.286909,892.167202
4551,1683,202,2025-04-22,5.527960,776.435173
4552,1892,316,2025-03-16,3.111280,871.667357
4553,841,515,2025-03-26,13.019960,2739.280021
4554,1058,146,2025-02-01,1.576397,2051.306886
4555,1323,989,2025-01-31,15.198997,1642.230213
4556,1046,813,2025-01-22,10.086470,3631.399762
4557,1943,650,2025-02-06,5.129707,4292.236882
4558,999,672,2025-04-09,12.253126,1101.123474
4559,1993,535,2025-03-07,9.976255,2754.715634
4560,169,900,2025-02-19,2.951073,1371.033035
4561,1083,251,2025-01-24,7.055038,27.799345
4562,960,458,2025-02-28,6.506784,549.091313
4563,1830,192,2025-03-27,15.498058,4764.266276
4564,716,141,2025-03-22,22.403512,2756.184791
4565,334,395,2025-01-24,12.649220,3801.907794
4566,1302,343,2025-03-05,1.183780,4388.660534
4567,968,539,2025-04-20,2.512498,2174.540868
4568,849,346,2025-03-16,3.317658,1042.724520
4569,77,231,2025-02-25,8.585708,3360.354417
4570,362,154,2025-02-22,13.502395,41.755202
4571,1351,609,2025-03-03,17.667033,3428.348550
4572,1903,201,2025-04-24,5.413322,828.857536
4573,793,361,2025-01-09,5.445026,219.275503
4574,1919,683,2025-01-28,15.692285,535.690756
4575,707,576,2025-02-05,2.833455,2263.941074
4576,587,314,2025-02-01,10.192330,2046.812675
4577,819,906,2025-03-06,3.864392,214.760491
4578,1105,708,2025-04-17,23.683902,2657.483498
4579,956,753,2025-02-17,6.300560,1541.034003
4580,1627,799,2025-03-29,10.213083,1355.291931
4581,28,700,2025-01-24,3.853801,3036.603925
4582,362,867,2025-02-26,16.193707,3339.498067
4583,1773,831,2025-01-27,16.125187,292.803532
4584,285,491,2025-02-01,8.936245,4309.493405
4585,1204,591,2025-01-13,0.957415,3037.154277
4586,440,854,2025-01-22,18.101031,3204.680093
4587,1268,646,2025-01-17,12.372820,1484.901739
4588,968,811,2025-02-12,16.913368,4853.685610
4589,549,928,2025-03-11,18.773646,1328.948362
4590,731,335,2025-03-02,0.730253,1722.672578
4591,1780,422,2025-03-22,10.572495,177.523838
4592,1513,671,2025-01-12,3.857448,315.872377
4593,816,535,2025-03-04,11.314628,200.296554
4594,246,837,2025-04-20,2.364800,2977.177673
4595,1057,718,2025-04-17,18.695825,4088.780176
4596,1802,160,2025-02-11,12.507071,1672.618919
4597,1325,43,2025-03-20,1.767751,4559.452200
4598,894,408,2025-02-26,20.421859,4796.344942
4599,559,222,2025-03-09,16.946551,2225.315934
4600,1531,885,2025-02-22,12.589094,302.919855
4601,653,484,2025-03-24,22.036522,1256.309855
4602,1646,28,2025-04-01,15.500727,4441.061709
4603,1281,384,2025-03-02,2.197363,4135.518005
4604,148,65,2025-01-19,11.296910,514.713250
4605,35,997,2025-02-20,7.525552,3391.195003
4606,163,566,2025-02-17,5.982300,4962.143549
4607,1189,741,2025-01-12,9.115860,2322.636009
4608,1090,362,2025-02-11,9.132818,1933.923181
4609,1368,443,2025-01-09,3.649370,1834.929664
4610,855,279,2025-04-14,11.436559,1253.893121
4611,789,864,2025-02-22,16.474583,1658.583177
4612,1120,512,2025-03-03,23.246894,60.731271
4613,575,124,2025-04-19,3.902999,234.806045
4614,1593,709,2025-02-10,1.272004,1475.050491
4615,457,856,2025-02-13,4.441632,237.089953
4616,1898,197,2025-02-16,7.534147,4717.301796
4617,53,313,2025-01-25,2.763631,2385.249661
4618,885,627,2025-02-03,0.761026,4466.356909
4619,1307,277,2025-04-22,19.046619,4627.991602
4620,1095,947,2025-01-28,19.044509,975.721758
4621,637,693,2025-02-23,5.889149,384.311006
4622,1692,190,2025-04-01,4.579437,2330.679347
4623,954,880,2025-03-28,10.852288,1922.520792
4624,393,55,2025-03-02,20.173548,2076.355139
4625,198,797,2025-02-03,5.667004,251.827657
4626,1533,791,2025-02-20,6.670494,2071.230038
4627,235,168,2025-02-02,13.509795,173.487278
4628,265,72,2025-01-25,0.821250,115.055996
4629,1242,702,2025-04-24,17.307464,1401.922131
4630,571,173,2025-01-20,22.973559,605.053243
4631,1333,732,2025-02-23,12.538672,2618.101735
4632,347,396,2025-04-10,17.462599,3707.535992
4633,936,51,2025-01-28,14.658499,3052.527505
4634,1497,1,2025-01-05,19.769937,4601.870476
4635,832,790,2025-04-23,22.090538,188.138610
4636,1621,602,2025-01-18,3.448378,3463.313783
4637,161,893,2025-04-01,1.940157,860.541201
4638,167,878,2025-04-18,17.855816,3526.942953
4639,834,665,2025-04-07,17.626494,338.072756
4640,650,566,2025-04-10,21.585275,4660.602898
4641,1917,562,2025-03-28,14.125713,3784.488931
4642,1865,940,2025-03-19,20.605579,4249.762133
4643,1028,60,2025-03-02,12.155659,2761.359133
4644,1659,228,2025-01-01,3.543229,597.017144
4645,1018,634,2025-03-26,3.703147,116.174786
4646,775,273,2025-01-10,23.312927,4266.969043
4647,1977,899,2025-04-01,20.324062,3450.223414
4648,1,755,2025-04-03,2.144110,855.650998
4649,961,377,2025-04-24,4.649615,1193.652527
4650,581,551,2025-03-01,0.757650,3591.126942
4651,1861,254,2025-03-18,21.312510,2590.539254
4652,847,338,2025-02-26,1.254953,4620.312938
4653,28,103,2025-02-01,8.800111,3933.036076
4654,229,460,2025-01-24,1.797855,890.959427
4655,662,589,2025-03-31,5.181326,660.251492
4656,1022,167,2025-04-15,22.482423,856.298348
4657,1181,675,2025-01-05,13.679221,1563.312504
4658,1918,29,2025-03-31,22.485854,691.588969
4659,924,830,2025-03-23,1.820156,2137.421925
4660,407,723,2025-03-25,9.269989,2161.267898
4661,1614,861,2025-02-26,19.026612,1846.506878
4662,1392,464,2025-04-09,14.820146,4329.375829
4663,1090,71,2025-03-13,3.414953,3522.884608
4664,535,108,2025-01-02,11.724767,2573.034473
4665,1592,584,2025-02-05,21.042262,3055.795588
4666,1255,997,2025-02-11,6.355911,3355.645958
4667,458,443,2025-03-22,19.906200,58.025927
4668,1831,18,2025-02-13,3.445953,655.746375
4669,1510,941,2025-01-02,22.262950,302.508616
4670,960,825,2025-04-04,17.320367,1484.827297
4671,522,871,2025-01-11,10.441613,1546.382879
4672,262,612,2025-02-21,20.128486,3637.004929
4673,749,305,2025-02-22,1.457711,3491.172367
4674,1623,122,2025-03-31,18.622717,579.342388
4675,136,10,2025-01-30,7.955906,1468.460095
4676,1351,135,2025-04-05,2.381661,2890.969124
4677,939,241,2025-03-27,15.610732,1401.408969
4678,771,444,2025-04-23,9.201024,4641.987229
4679,1203,773,2025-02-15,17.519405,601.050180
4680,232,470,2025-02-26,20.339791,956.580853
4681,1732,245,2025-03-09,16.149177,2572.236732
4682,567,189,2025-04-20,11.720703,3724.059652
4683,1840,519,2025-04-11,11.998460,2129.538423
4684,1778,780,2025-03-22,7.751468,36.325743
4685,554,112,2025-03-26,15.724749,4471.365754
4686,675,342,2025-01-09,10.297850,2801.354823
4687,1838,198,2025-02-08,19.218703,1515.760048
4688,1193,56,2025-03-28,18.496407,318.969551
4689,160,179,2025-01-16,3.187017,550.328240
4690,550,877,2025-04-14,13.391958,3528.668943
4691,306,55,2025-03-31,17.916505,3154.000076
4692,585,907,2025-04-19,7.173682,417.514264
4693,2000,545,2025-03-01,11.760054,3651.624080
4694,289,561,2025-02-02,5.213863,1658.401337
4695,1662,463,2025-02-23,7.528880,2246.692450
4696,1726,815,2025-04-20,15.122327,4737.889567
4697,1573,427,2025-04-14,12.824736,876.985789
4698,893,541,2025-02-07,6.264401,1404.393364
4699,1556,764,2025-01-24,10.193132,3625.539884
4700,1631,217,2025-01-31,7.120733,701.714181
4701,386,679,2025-01-21,23.740568,1764.857451
4702,1658,664,2025-01-26,10.156849,280.503219
4703,58,565,2025-01-30,2.439611,184.488254
4704,994,6,2025-01-01,5.311878,2243.094920
4705,747,874,2025-04-14,12.982991,2156.896007
4706,369,704,2025-02-05,12.781058,3508.564594
4707,1756,324,2025-01-14,2.447206,2752.739054
4708,1122,700,2025-01-23,13.663145,870.326740
4709,216,741,2025-03-10,10.370195,4913.049143
4710,472,817,2025-03-12,5.653592,1839.211127
4711,1866,11,2025-02-11,15.107970,1697.982651
4712,350,374,2025-01-17,21.779499,366.909738
4713,969,598,2025-01-10,18.750896,4700.077677
4714,1393,555,2025-04-21,13.013446,4142.068229
4715,1433,684,2025-01-14,16.803270,219.772392
4716,537,347,2025-04-16,23.661994,1807.134126
4717,211,884,2025-04-07,13.873312,834.159128
4718,194,158,2025-01-31,23.379065,2593.023957
4719,230,22,2025-04-10,11.407409,2193.934004
4720,899,668,2025-01-06,17.535246,2043.061758
4721,1754,900,2025-02-02,11.490171,3911.370720
4722,1277,660,2025-02-16,18.562694,1588.418056
4723,547,12,2025-03-12,1.291189,617.647054
4724,229,651,2025-04-11,7.978667,2449.850578
4725,608,51,2025-01-25,10.127306,2641.313008
4726,91,506,2025-02-28,18.660536,4197.931273
4727,1219,796,2025-02-04,18.952987,316.971030
4728,45,941,2025-04-10,11.083591,1579.559489
4729,463,558,2025-01-18,22.075370,1901.701649
4730,1789,871,2025-01-13,21.739527,1451.179859
4731,151,361,2025-01-08,21.229464,548.614906
4732,1322,308,2025-02-13,14.799251,1538.525737
4733,1989,584,2025-04-15,0.882198,2103.248082
4734,707,891,2025-02-03,23.123909,342.349912
4735,1278,710,2025-03-28,15.873952,2444.006900
4736,1949,888,2025-02-07,22.260790,2518.702805
4737,225,28,2025-01-05,19.293214,556.038710
4738,638,725,2025-04-10,9.389838,472.731534
4739,835,104,2025-03-13,10.638365,2891.710301
4740,809,534,2025-04-24,1.346261,1786.424766
4741,478,426,2025-02-14,12.815939,2655.853817
4742,362,500,2025-04-14,5.469861,1180.613242
4743,298,462,2025-02-10,16.887164,1941.035151
4744,692,9,2025-01-30,14.695918,4149.708379
4745,624,898,2025-03-14,1.690706,203.489376
4746,1692,844,2025-02-21,2.156616,1510.532040
4747,1559,722,2025-03-12,14.754635,3137.691870
4748,1706,119,2025-02-13,11.163432,377.056211
4749,1033,335,2025-01-26,15.997538,1719.558695
4750,1441,16,2025-01-14,14.156488,620.547415
4751,448,311,2025-03-21,8.380205,3804.743593
4752,983,978,2025-03-27,23.159095,1039.249994
4753,107,540,2025-02-15,13.910047,278.590600
4754,1459,759,2025-03-20,7.172834,550.185636
4755,1911,657,2025-01-16,23.415975,1861.218520
4756,610,562,2025-03-21,11.927858,3830.151137
4757,1809,545,2025-03-20,17.488704,1236.841967
4758,1496,398,2025-01-19,14.657954,238.679833
4759,1171,811,2025-04-03,22.413509,1216.086652
4760,1376,170,2025-02-09,13.420049,3660.244043
4761,961,895,2025-01-30,4.360675,4866.898301
4762,1980,890,2025-03-01,23.246621,1672.000274
4763,163,800,2025-04-07,5.794919,3898.067024
4764,1208,566,2025-02-20,11.433589,3785.453085
4765,1600,930,2025-01-13,14.435682,2634.657583
4766,1164,542,2025-02-23,16.404673,1295.797255
4767,697,767,2025-02-06,17.222603,1522.249051
4768,499,933,2025-04-16,15.377334,4525.678133
4769,1765,890,2025-04-01,1.553670,3406.930008
4770,1972,741,2025-01-02,5.371095,1388.730005
4771,1325,78,2025-01-18,4.951570,966.261326
4772,309,166,2025-04-22,10.098374,3107.958487
4773,467,928,2025-04-03,3.089306,1680.177699
4774,1766,548,2025-03-29,18.920814,383.053029
4775,488,180,2025-02-20,20.569554,1135.071380
4776,798,511,2025-02-14,1.041114,781.458431
4777,1374,15,2025-02-04,3.703159,1535.116356
4778,1473,684,2025-01-26,7.143787,2296.088824
4779,1424,476,2025-01-08,21.220356,3650.595105
4780,1749,386,2025-01-12,3.824771,2079.243814
4781,336,904,2025-02-07,6.922946,4355.140556
4782,639,50,2025-01-21,23.059009,848.149921
4783,1625,449,2025-02-28,8.578351,4855.358940
4784,1412,931,2025-01-11,0.579555,3163.574111
4785,440,927,2025-01-13,13.752875,4034.577880
4786,1574,325,2025-03-31,23.870481,3108.444925
4787,418,100,2025-01-25,9.426537,3389.995608
4788,201,770,2025-03-16,13.478365,2096.262356
4789,1172,536,2025-02-27,20.652726,3397.372139
4790,619,686,2025-03-02,16.691554,3245.744211
4791,1115,414,2025-04-21,6.656911,3244.122839
4792,1260,913,2025-03-31,11.342185,3215.600554
4793,233,522,2025-01-04,12.015983,3132.551486
4794,791,443,2025-03-21,13.443766,2640.693008
4795,1252,76,2025-01-14,16.931210,3090.943848
4796,1431,281,2025-03-07,0.566316,2535.926470
4797,818,34,2025-03-07,5.483509,2615.193862
4798,158,633,2025-02-21,17.676761,3721.547378
4799,500,7,2025-02-13,7.355799,4834.561735
4800,1591,620,2025-03-25,3.126860,1946.162378
4801,1010,110,2025-02-01,20.006739,3704.867526
4802,1475,283,2025-02-12,23.054796,4205.885937
4803,734,605,2025-02-27,7.633243,72.228146
4804,1262,707,2025-03-14,13.757082,4717.488604
4805,1253,797,2025-01-05,0.569339,1260.500831
4806,861,33,2025-03-23,8.771179,3231.555504
4807,1550,250,2025-02-22,6.733955,1028.077104
4808,697,458,2025-03-28,20.476147,4506.421596
4809,1536,834,2025-03-17,12.243734,4386.571415
4810,974,542,2025-04-11,14.789757,2756.774415
4811,1514,480,2025-03-07,7.660918,4103.095658
4812,826,246,2025-01-05,5.726040,388.352139
4813,49,166,2025-02-24,18.349795,3695.066471
4814,1043,575,2025-01-08,16.552983,4816.038697
4815,1348,651,2025-04-20,11.045136,2945.900717
4816,1428,130,2025-04-07,2.066799,2084.001123
4817,56,580,2025-01-14,21.402705,2708.792184
4818,1846,86,2025-04-23,2.892709,2306.090193
4819,714,607,2025-03-30,23.741664,4091.830082
4820,1582,959,2025-04-13,19.834586,3759.456503
4821,10,979,2025-01-23,12.665860,948.803295
4822,1406,5,2025-03-06,2.376035,1913.403687
4823,1307,105,2025-03-17,10.165986,4479.444944
4824,892,664,2025-01-02,9.355422,3582.178074
4825,512,654,2025-02-20,2.886825,25.493845
4826,1784,33,2025-03-18,14.731744,4204.261212
4827,1113,165,2025-01-19,18.969137,349.299152
4828,1307,252,2025-03-12,0.704174,2109.448986
4829,1289,129,2025-01-05,13.755322,4113.361524
4830,716,266,2025-02-03,15.718824,2449.505048
4831,1534,23,2025-01-14,4.525744,4965.384341
4832,107,235,2025-01-15,19.873428,2689.300312
4833,1638,886,2025-02-17,13.324057,2976.298233
4834,1618,669,2025-03-07,20.485577,3812.821707
4835,1654,832,2025-01-23,3.273467,299.721203
4836,795,290,2025-03-17,21.286447,1550.664019
4837,296,490,2025-01-28,1.951016,4704.731355
4838,1967,68,2025-01-29,18.800000,4761.968440
4839,1392,704,2025-04-07,7.110625,302.115537
4840,1004,673,2025-04-11,1.206461,1070.840530
4841,564,234,2025-02-06,8.789297,2937.812109
4842,1686,371,2025-01-04,14.309576,3352.298934
4843,1509,755,2025-03-19,1.897672,3447.231003
4844,20,302,2025-01-13,4.110544,1132.741612
4845,123,638,2025-04-22,8.882858,4165.300566
4846,314,534,2025-03-22,9.957880,4306.379473
4847,369,610,2025-02-06,2.042910,4400.187116
4848,570,672,2025-03-30,4.217401,3588.581772
4849,1109,505,2025-02-13,22.973916,3871.661621
4850,291,390,2025-03-23,7.109760,4943.951879
4851,1193,695,2025-01-18,3.564435,3139.347472
4852,609,359,2025-02-17,4.935111,4938.504338
4853,1346,782,2025-01-19,5.152751,2444.554334
4854,320,707,2025-02-27,18.319557,2208.188848
4855,1201,959,2025-02-08,1.998818,4502.348510
4856,897,722,2025-03-14,18.795586,3533.067372
4857,1399,677,2025-01-13,20.568015,1314.745826
4858,277,563,2025-01-04,7.429005,3635.999939
4859,1374,93,2025-04-24,23.881105,4488.063760
4860,1305,487,2025-03-01,23.456458,4187.193906
4861,1226,226,2025-02-22,11.825806,3079.250208
4862,1690,285,2025-02-08,21.011460,2475.550777
4863,1694,674,2025-01-15,5.605427,3232.038799
4864,1669,435,2025-02-27,1.213871,2110.467953
4865,870,625,2025-04-03,23.160932,946.707737
4866,1688,917,2025-03-29,2.350035,4171.827368
4867,1374,33,2025-01-09,6.322476,2246.716243
4868,859,346,2025-03-16,9.290066,4243.408936
4869,1674,637,2025-03-26,11.237814,2964.972112
4870,1006,680,2025-02-04,18.115153,3781.548151
4871,1435,856,2025-01-22,5.691356,3657.792583
4872,211,93,2025-01-05,21.774884,744.971376
4873,1046,323,2025-02-08,3.573237,1373.819134
4874,1354,217,2025-03-22,19.868694,994.222295
4875,1388,110,2025-03-18,14.303076,1271.407481
4876,1609,71,2025-01-19,5.805912,2017.604035
4877,1778,375,2025-02-27,6.931204,539.593951
4878,680,860,2025-03-13,22.251864,2075.830491
4879,1767,527,2025-04-04,21.513635,2472.288274
4880,973,674,2025-02-12,1.234515,1607.089788
4881,1766,193,2025-04-20,22.962808,2882.867715
4882,1957,31,2025-02-26,2.120284,2009.895901
4883,869,943,2025-04-16,1.383168,1779.027843
4884,1006,885,2025-02-08,19.519354,2330.501027
4885,895,120,2025-01-14,19.395716,4042.924169
4886,311,144,2025-04-01,18.734888,4716.453920
4887,56,200,2025-03-10,5.946942,3272.244349
4888,852,433,2025-01-06,21.167272,4498.877872
4889,1547,924,2025-03-04,20.859338,48.769642
4890,1286,724,2025-01-09,8.390343,3369.541334
4891,252,734,2025-02-27,5.972284,3168.913247
4892,98,159,2025-03-24,21.441759,4189.644802
4893,544,226,2025-03-04,11.355903,3394.630831
4894,1347,15,2025-01-02,14.405160,4939.864832
4895,1673,553,2025-02-25,15.902106,1905.418708
4896,340,262,2025-03-09,11.684855,585.537043
4897,769,694,2025-02-02,9.176671,2233.721660
4898,962,999,2025-03-31,10.047380,261.989492
4899,569,18,2025-02-26,1.595726,3889.342114
4900,1401,715,2025-04-23,3.640444,3035.022652
4901,1261,308,2025-03-05,10.585188,1508.489740
4902,1681,374,2025-02-08,22.670612,845.365038
4903,185,737,2025-04-12,18.052721,4390.331834
4904,755,123,2025-04-24,5.501391,2640.590168
4905,377,808,2025-01-08,10.549945,1531.470803
4906,510,793,2025-01-31,2.581891,3806.167031
4907,147,810,2025-02-26,11.089273,3953.306507
4908,1751,470,2025-01-31,22.658581,3297.947560
4909,1173,294,2025-03-03,10.253055,2446.099496
4910,1252,951,2025-01-20,15.270146,1064.999007
4911,494,289,2025-04-04,10.618869,3135.755680
4912,1945,388,2025-04-06,1.892618,3558.104291
4913,250,103,2025-03-05,21.901410,830.809339
4914,1632,373,2025-02-08,19.784003,1184.656178
4915,1685,672,2025-02-05,15.146225,608.431119
4916,1534,777,2025-03-27,19.174483,4297.795865
4917,390,336,2025-04-02,21.351644,1962.802212
4918,1487,363,2025-02-20,23.433768,3050.074315
4919,1570,104,2025-03-20,23.590074,1249.790376
4920,1699,759,2025-04-10,12.435312,3936.276887
4921,1957,937,2025-03-19,7.294880,148.060084
4922,905,897,2025-03-11,15.453919,769.838710
4923,436,839,2025-03-04,2.120430,624.143723
4924,1163,541,2025-04-16,2.788842,4733.814580
4925,720,649,2025-01-23,4.055087,2642.534243
4926,2,825,2025-02-28,7.801986,3684.354403
4927,948,111,2025-02-07,11.537770,671.400000
4928,136,311,2025-02-16,17.944021,3277.598692
4929,1275,682,2025-01-28,5.176967,3517.666284
4930,157,176,2025-02-13,7.988143,2976.835356
4931,601,286,2025-01-20,17.962617,4762.159000
4932,1445,909,2025-04-06,8.327731,759.222445
4933,119,924,2025-02-25,10.180485,118.466595
4934,830,829,2025-03-04,15.963771,2914.974797
4935,1481,63,2025-01-17,13.563122,968.174216
4936,277,432,2025-01-21,6.586565,2994.984103
4937,129,696,2025-03-21,15.886184,3537.412639
4938,637,191,2025-04-20,6.795495,1661.594806
4939,837,699,2025-04-20,16.460654,415.233618
4940,1921,341,2025-04-07,4.265630,1705.832373
4941,896,33,2025-02-20,19.265572,3790.772178
4942,1907,210,2025-04-05,10.548252,1963.215092
4943,1468,168,2025-03-12,20.981191,3188.300269
4944,68,500,2025-02-04,3.211396,4777.095449
4945,857,169,2025-03-16,15.520000,2013.883280
4946,9,337,2025-02-28,5.856740,1052.238009
4947,1417,402,2025-01-12,17.671747,4304.921657
4948,918,36,2025-03-24,21.653376,1936.207128
4949,121,908,2025-01-17,17.891969,2163.680782
4950,1699,109,2025-01-25,7.667530,844.234058
4951,774,242,2025-01-05,17.584994,2582.302496
4952,1576,103,2025-03-19,12.496111,3234.857621
4953,1612,606,2025-03-26,4.324207,3525.929048
4954,639,360,2025-03-29,18.259330,3748.228676
4955,1070,28,2025-02-10,17.824733,4699.031286
4956,1970,971,2025-04-12,21.448432,4960.466272
4957,702,582,2025-03-22,21.063706,2172.925737
4958,737,794,2025-01-06,22.736659,734.367744
4959,1813,88,2025-02-28,19.846863,3835.507664
4960,148,441,2025-01-04,18.747625,562.371502
4961,1127,150,2025-01-17,4.171899,1204.820991
4962,1367,311,2025-01-14,22.195745,2847.117271
4963,1571,285,2025-03-27,3.736399,135.729071
4964,938,893,2025-03-09,23.230825,49.271846
4965,1864,963,2025-03-10,12.317351,3661.484063
4966,1384,629,2025-01-26,2.565321,2310.285469
4967,1535,393,2025-03-17,8.190478,1817.084279
4968,824,123,2025-03-15,2.436668,4669.114854
4969,1529,853,2025-04-11,11.288673,2594.255684
4970,592,999,2025-01-29,5.775487,2835.551228
4971,1360,419,2025-02-08,5.439809,544.769901
4972,753,95,2025-04-05,10.085177,2837.819651
4973,253,400,2025-02-15,6.454330,4614.341970
4974,1394,762,2025-02-20,12.003799,2892.249841
4975,669,705,2025-01-24,4.961467,4734.846444
4976,447,855,2025-02-10,16.982376,4902.020161
4977,1217,383,2025-01-15,21.742866,3486.139728
4978,1566,950,2025-03-18,12.893514,266.869956
4979,780,57,2025-01-20,8.779632,4902.780235
4980,464,718,2025-03-15,18.715583,1359.273556
4981,1732,257,2025-04-12,3.849913,1928.873733
4982,240,318,2025-04-19,21.948495,244.851318
4983,1745,148,2025-04-22,7.962258,4847.035246
4984,397,189,2025-01-13,23.192844,4715.837278
4985,623,770,2025-01-08,15.167565,1459.553233
4986,103,374,2025-01-14,2.134442,548.470553
4987,839,420,2025-01-07,6.627543,321.683609
4988,1300,773,2025-04-04,5.110455,1069.900320
4989,1295,725,2025-01-31,16.265894,3135.629549
4990,1716,218,2025-03-02,8.772781,1538.982542
4991,1362,838,2025-04-18,2.503031,3669.629856
4992,470,441,2025-04-13,3.653045,2404.192390
4993,187,480,2025-02-24,14.738353,2099.957060
4994,354,600,2025-03-06,2.099117,360.647963
4995,1879,603,2025-04-03,15.226759,2973.837057
4996,1944,591,2025-02-10,15.826722,2800.647519
4997,948,175,2025-03-02,13.165633,1742.762915
4998,1867,798,2025-02-21,22.855444,625.926141
4999,1845,901,2025-02-21,18.623570,3452.713774
5000,1273,489,2025-02-02,5.130681,640.228413
